fp
-7.44322928e+00
-7.42458391e+00
-7.40593855e+00
-7.38729318e+00
-7.36864782e+00
-7.35000246e+00
-7.33135709e+00
-7.31271173e+00
-7.29406636e+00
-7.27542100e+00
-7.25677564e+00
-7.23813027e+00
-7.21948491e+00
-7.20083954e+00
-7.18219418e+00
-7.16354882e+00
-7.14490345e+00
-7.12625809e+00
-7.10761273e+00
-7.08896736e+00
-7.07032200e+00
-7.05167663e+00
-7.03303127e+00
-7.01438591e+00
-6.99574054e+00
-6.97709518e+00
-6.95844981e+00
-6.93980445e+00
-6.92115909e+00
-6.90251372e+00
-6.88386836e+00
-6.86522299e+00
-6.84657763e+00
-6.82793227e+00
-6.80928690e+00
-6.79064154e+00
-6.77199617e+00
-6.75335081e+00
-6.73470545e+00
-6.71606008e+00
-6.69741472e+00
-6.67876936e+00
-6.66012399e+00
-6.64147863e+00
-6.62283326e+00
-6.60418790e+00
-6.58554254e+00
-6.56689717e+00
-6.54825181e+00
-6.52960644e+00
-6.51096108e+00
-6.49231572e+00
-6.47367035e+00
-6.45502499e+00
-6.43637962e+00
-6.41773426e+00
-6.39908890e+00
-6.38044353e+00
-6.36179817e+00
-6.34315280e+00
-6.32450744e+00
-6.30586208e+00
-6.28721671e+00
-6.26857135e+00
-6.24992598e+00
-6.23128062e+00
-6.21263526e+00
-6.19398989e+00
-6.17534453e+00
-6.15669917e+00
-6.13805380e+00
-6.11940844e+00
-6.10076307e+00
-6.08211771e+00
-6.06347235e+00
-6.04482698e+00
-6.02618162e+00
-6.00753625e+00
-5.98889089e+00
-5.97024553e+00
-5.95160016e+00
-5.93295480e+00
-5.91430943e+00
-5.89566407e+00
-5.87701871e+00
-5.85837334e+00
-5.83972798e+00
-5.82108261e+00
-5.80243725e+00
-5.78379189e+00
-5.76514652e+00
-5.74650116e+00
-5.72785580e+00
-5.70921043e+00
-5.69056507e+00
-5.67191970e+00
-5.65327434e+00
-5.63462898e+00
-5.61598361e+00
-5.59733825e+00
-5.57869288e+00
-5.56004752e+00
-5.54140216e+00
-5.52275679e+00
-5.50411143e+00
-5.48546606e+00
-5.46682070e+00
-5.44817534e+00
-5.42952997e+00
-5.41088461e+00
-5.39223924e+00
-5.37359388e+00
-5.35494852e+00
-5.33630315e+00
-5.31765779e+00
-5.29901243e+00
-5.28036706e+00
-5.26172170e+00
-5.24307633e+00
-5.22443097e+00
-5.20578561e+00
-5.18714024e+00
-5.16849488e+00
-5.14984951e+00
-5.13120415e+00
-5.11255879e+00
-5.09391342e+00
-5.07526806e+00
-5.05662269e+00
-5.03797733e+00
-5.01933197e+00
-5.00068660e+00
-4.98204124e+00
-4.96339587e+00
-4.94475051e+00
-4.92610515e+00
-4.90745978e+00
-4.88881442e+00
-4.87016906e+00
-4.85152369e+00
-4.83287833e+00
-4.81423296e+00
-4.79558760e+00
-4.77694224e+00
-4.75829687e+00
-4.73965151e+00
-4.72100614e+00
-4.70236078e+00
-4.68371542e+00
-4.66507005e+00
-4.64642469e+00
-4.62777932e+00
-4.60913396e+00
-4.59048860e+00
-4.57184323e+00
-4.55319787e+00
-4.53455250e+00
-4.51590714e+00
-4.49726178e+00
-4.47861641e+00
-4.45997105e+00
-4.44132569e+00
-4.42268032e+00
-4.40403496e+00
-4.38538959e+00
-4.36674423e+00
-4.34809887e+00
-4.32945350e+00
-4.31080814e+00
-4.29216277e+00
-4.27351741e+00
-4.25487205e+00
-4.23622668e+00
-4.21758132e+00
-4.19893595e+00
-4.18029059e+00
-4.16164523e+00
-4.14299986e+00
-4.12435450e+00
-4.10570913e+00
-4.08706377e+00
-4.06841841e+00
-4.04977304e+00
-4.03112768e+00
-4.01248231e+00
-3.99383695e+00
-3.97519159e+00
-3.95654622e+00
-3.93790086e+00
-3.91925550e+00
-3.90061013e+00
-3.88196477e+00
-3.86331940e+00
-3.84467404e+00
-3.82602868e+00
-3.80738331e+00
-3.78873795e+00
-3.77009258e+00
-3.75144722e+00
-3.73280186e+00
-3.69178206e+00
-3.61720060e+00
-3.54261914e+00
-3.46803769e+00
-3.39345623e+00
-3.31887478e+00
-3.24429332e+00
-3.16971187e+00
-3.09513041e+00
-3.02054895e+00
-2.94596750e+00
-2.87138604e+00
-2.79680459e+00
-2.72222313e+00
-2.64764168e+00
-2.57306022e+00
-2.49847876e+00
-2.42389731e+00
-2.34931585e+00
-2.27473440e+00
-2.20015294e+00
-2.12557149e+00
-2.05099003e+00
-1.97640858e+00
-1.90182712e+00
-1.82724566e+00
-1.75266421e+00
-1.67808275e+00
-1.60350130e+00
-1.52891984e+00
-1.45433839e+00
-1.37975693e+00
-1.30517547e+00
-1.23059402e+00
-1.15601256e+00
-1.08143111e+00
-1.00684965e+00
-9.32268196e-01
-8.57686740e-01
-7.83105285e-01
-7.08523829e-01
-6.33942373e-01
-5.59360918e-01
-4.84779462e-01
-4.10198006e-01
-3.35616551e-01
-2.61035095e-01
-1.86453639e-01
-1.11872184e-01
-3.72907278e-02
3.72907278e-02
1.11872184e-01
1.86453639e-01
2.61035095e-01
3.35616551e-01
4.10198006e-01
4.84779462e-01
5.59360918e-01
6.33942373e-01
7.08523829e-01
7.83105285e-01
8.57686740e-01
9.32268196e-01
1.00684965e+00
1.08143111e+00
1.15601256e+00
1.23059402e+00
1.30517547e+00
1.37975693e+00
1.45433839e+00
1.52891984e+00
1.60350130e+00
1.67808275e+00
1.75266421e+00
1.82724566e+00
1.90182712e+00
1.97640858e+00
2.05099003e+00
2.12557149e+00
2.20015294e+00
2.27473440e+00
2.34931585e+00
2.42389731e+00
2.49847876e+00
2.57306022e+00
2.64764168e+00
2.72222313e+00
2.79680459e+00
2.87138604e+00
2.94596750e+00
3.02054895e+00
3.09513041e+00
3.16971187e+00
3.24429332e+00
3.31887478e+00
3.39345623e+00
3.46803769e+00
3.54261914e+00
3.61720060e+00
3.69178206e+00
3.73280186e+00
3.75144722e+00
3.77009258e+00
3.78873795e+00
3.80738331e+00
3.82602868e+00
3.84467404e+00
3.86331940e+00
3.88196477e+00
3.90061013e+00
3.91925550e+00
3.93790086e+00
3.95654622e+00
3.97519159e+00
3.99383695e+00
4.01248231e+00
4.03112768e+00
4.04977304e+00
4.06841841e+00
4.08706377e+00
4.10570913e+00
4.12435450e+00
4.14299986e+00
4.16164523e+00
4.18029059e+00
4.19893595e+00
4.21758132e+00
4.23622668e+00
4.25487205e+00
4.27351741e+00
4.29216277e+00
4.31080814e+00
4.32945350e+00
4.34809887e+00
4.36674423e+00
4.38538959e+00
4.40403496e+00
4.42268032e+00
4.44132569e+00
4.45997105e+00
4.47861641e+00
4.49726178e+00
4.51590714e+00
4.53455250e+00
4.55319787e+00
4.57184323e+00
4.59048860e+00
4.60913396e+00
4.62777932e+00
4.64642469e+00
4.66507005e+00
4.68371542e+00
4.70236078e+00
4.72100614e+00
4.73965151e+00
4.75829687e+00
4.77694224e+00
4.79558760e+00
4.81423296e+00
4.83287833e+00
4.85152369e+00
4.87016906e+00
4.88881442e+00
4.90745978e+00
4.92610515e+00
4.94475051e+00
4.96339587e+00
4.98204124e+00
5.00068660e+00
5.01933197e+00
5.03797733e+00
5.05662269e+00
5.07526806e+00
5.09391342e+00
5.11255879e+00
5.13120415e+00
5.14984951e+00
5.16849488e+00
5.18714024e+00
5.20578561e+00
5.22443097e+00
5.24307633e+00
5.26172170e+00
5.28036706e+00
5.29901243e+00
5.31765779e+00
5.33630315e+00
5.35494852e+00
5.37359388e+00
5.39223924e+00
5.41088461e+00
5.42952997e+00
5.44817534e+00
5.46682070e+00
5.48546606e+00
5.50411143e+00
5.52275679e+00
5.54140216e+00
5.56004752e+00
5.57869288e+00
5.59733825e+00
5.61598361e+00
5.63462898e+00
5.65327434e+00
5.67191970e+00
5.69056507e+00
5.70921043e+00
5.72785580e+00
5.74650116e+00
5.76514652e+00
5.78379189e+00
5.80243725e+00
5.82108261e+00
5.83972798e+00
5.85837334e+00
5.87701871e+00
5.89566407e+00
5.91430943e+00
5.93295480e+00
5.95160016e+00
5.97024553e+00
5.98889089e+00
6.00753625e+00
6.02618162e+00
6.04482698e+00
6.06347235e+00
6.08211771e+00
6.10076307e+00
6.11940844e+00
6.13805380e+00
6.15669917e+00
6.17534453e+00
6.19398989e+00
6.21263526e+00
6.23128062e+00
6.24992598e+00
6.26857135e+00
6.28721671e+00
6.30586208e+00
6.32450744e+00
6.34315280e+00
6.36179817e+00
6.38044353e+00
6.39908890e+00
6.41773426e+00
6.43637962e+00
6.45502499e+00
6.47367035e+00
6.49231572e+00
6.51096108e+00
6.52960644e+00
6.54825181e+00
6.56689717e+00
6.58554254e+00
6.60418790e+00
6.62283326e+00
6.64147863e+00
6.66012399e+00
6.67876936e+00
6.69741472e+00
6.71606008e+00
6.73470545e+00
6.75335081e+00
6.77199617e+00
6.79064154e+00
6.80928690e+00
6.82793227e+00
6.84657763e+00
6.86522299e+00
6.88386836e+00
6.90251372e+00
6.92115909e+00
6.93980445e+00
6.95844981e+00
6.97709518e+00
6.99574054e+00
7.01438591e+00
7.03303127e+00
7.05167663e+00
7.07032200e+00
7.08896736e+00
7.10761273e+00
7.12625809e+00
7.14490345e+00
7.16354882e+00
7.18219418e+00
7.20083954e+00
7.21948491e+00
7.23813027e+00
7.25677564e+00
7.27542100e+00
7.29406636e+00
7.31271173e+00
7.33135709e+00
7.35000246e+00
7.36864782e+00
7.38729318e+00
7.40593855e+00
7.42458391e+00
7.44322928e+00
