int
1127
1123
1119
1115
1111
1107
1048
1033
1030
1103
1099
1077
1095
1044
1091
1061
1026
1087
0
1069
1040
1073
0
1065
1058
1081
1801
1036
1797
1793
0
3102
0
1103
1803
1799
1795
1056
1029
1026
1127
1076
1123
1119
1115
1060
1045
1038
1111
1068
1107
1096
1049
1080
1034
1072
1095
1064
1041
1091
1087
3102
0
0
0
1075
0
0
1032
1049
1030
1107
0
0
1068
1067
1045
1026
1083
1803
1076
1799
1795
1041
1096
1058
1127
1123
1060
1119
1037
1115
1054
1111
1103
1095
1091
3135
0
1103
1803
1799
1795
1056
1029
1026
1127
1076
1123
1119
1115
1060
1045
1038
1111
1068
1099
1064
1049
1080
1034
1072
1095
1104
1041
1091
1087
3102
0
0
0
1103
1056
0
1029
1026
1099
1048
0
0
1063
1045
1040
1038
1083
1803
1072
1069
1799
1795
1064
1034
1127
1077
1104
1123
1119
1115
1054
1111
1095
1091
3135
0
0
0
1111
0
0
1032
1049
1030
1079
0
0
1060
1067
1045
1026
1075
1803
1068
1799
1795
1041
1096
1058
1127
1123
1080
1119
1037
1115
1054
1107
1103
1095
1091
3135
0
1103
1803
1799
1795
1056
1029
1026
1127
1076
1123
1119
1115
1060
1045
1038
1107
1068
1099
1064
1049
1080
1034
1108
1095
1072
1041
1091
1087
3102
0
0
0
1103
1056
0
1029
1026
1099
1048
0
0
1083
1045
1040
1038
1075
1803
1076
1061
1799
1795
1108
1034
1127
1069
1064
1123
1119
1115
1054
1107
1095
1091
3135
0
0
0
1111
0
0
1032
1049
1030
1107
0
0
1060
1075
1045
1026
1067
1803
1076
1799
1795
1041
1068
1058
1127
1123
1080
1119
1037
1115
1054
1103
1099
1095
1091
3135
0
0
0
1063
0
1108
1045
1030
1079
1803
1799
1104
1795
1041
1026
1127
1123
1072
1119
1115
1037
1058
1103
1096
1095
1091
1087
1033
1054
1080
0
0
0
1068
1065
3098
0
0
0
1103
1056
0
1029
1026
1071
1048
0
0
1083
1045
1040
1038
1067
1803
1072
1061
1799
1795
1108
1034
1127
1077
1104
1123
1119
1115
1054
1099
1095
1091
3135
0
0
0
1059
0
1096
1029
1026
1051
0
0
1080
1043
1045
1038
0
1079
1064
0
1109
1071
1034
1803
1072
1799
1105
1795
1060
1054
1127
1123
1101
1119
1115
1095
1091
3135
0
0
0
1123
0
0
1036
1029
1079
1802
0
1056
1115
0
1049
1067
1052
1083
0
1794
1075
1024
1045
1799
1127
1060
1034
1119
1111
1068
1041
1107
1103
1099
1095
1091
3135
0
0
0
1123
0
0
1036
1029
1079
1802
0
1056
1115
0
1049
1067
1052
1083
0
1794
1075
1024
1045
1799
1127
1060
1034
1119
1111
1068
1041
1107
1103
1099
1095
1091
3135
0
0
0
1078
0
0
1036
1114
1031
1801
1058
1024
1102
0
1098
1051
1052
1082
0
1793
1060
1074
1047
1066
1068
1798
1033
1126
1120
1118
1110
1106
1094
1090
1086
3091
0
0
0
1066
0
0
0
1098
0
1032
1049
1122
1803
0
0
1062
0
0
0
1028
1045
1114
1059
0
0
1074
0
0
0
1024
1041
1106
1795
1082
1798
1068
1126
1118
1110
1102
1037
1076
1094
1090
1086
3103
0
0
0
1121
0
1040
1046
1077
0
1803
1056
1113
0
1101
1030
1052
1065
0
1081
1795
1024
1073
1038
1105
1060
1797
1125
1117
1068
1109
1097
1093
1089
1085
1050
3083
0
0
0
1115
0
1040
0
1067
0
1029
1802
1076
1107
0
0
0
1103
1048
0
1045
1034
1059
0
1068
1083
1799
1127
1096
1119
1025
1794
1060
1111
1095
1091
1120
1087
0
0
1072
1037
3102
0
0
0
1066
0
0
0
1098
0
1032
1049
1122
1803
0
0
1082
0
0
0
1028
1045
1114
1059
0
0
1110
0
0
0
1024
1041
1078
1795
1074
1798
1060
1126
1118
1106
1102
1037
1068
1094
1090
1086
3103
0
0
0
1121
0
1040
1046
1077
0
1803
1056
1113
0
1101
1030
1052
1065
0
1081
1795
1024
1109
1038
1073
1060
1797
1125
1117
1068
1105
1097
1093
1089
1085
1050
3083
0
0
0
1115
0
1048
0
1111
0
1029
1802
1060
1067
0
0
0
1103
1040
0
1045
1034
1059
0
1068
1075
1799
1127
1096
1119
1025
1794
1080
1107
1095
1091
1120
1087
0
0
1076
1037
3102
0
0
0
1083
0
1076
1049
1115
0
1802
1024
1111
0
1045
0
1056
1107
0
1067
1794
1052
1041
1799
1127
1072
1119
1034
1103
1068
1037
1099
1095
1120
1030
1091
1061
3135
0
0
0
1079
0
0
0
1123
0
1044
1025
1802
1071
0
0
0
1105
1115
1799
1040
1127
1058
1073
1119
1103
1095
1091
1087
1097
1036
0
1794
0
0
1081
0
0
0
0
1032
1065
1054
0
0
0
0
1109
0
0
1028
1061
3098
0
0
0
1075
1056
0
1029
1115
0
1052
1802
1111
0
1037
1048
1107
0
0
0
1040
1061
1794
1103
1068
1067
1799
1077
1080
1034
1127
1119
1120
1025
1099
1095
1046
1091
3135
0
0
0
0
1051
1100
0
0
0
1029
1802
1096
1043
0
0
0
1079
1080
0
1045
1034
1071
0
1064
0
1123
0
0
0
1072
1025
1794
1063
0
0
1108
1115
0
0
1059
1037
1104
1054
1799
1127
1119
1095
1091
3135
0
0
0
1071
0
0
1036
1053
1119
1802
0
1048
1079
0
1025
1067
1044
1083
0
1798
1075
1032
1029
1795
1123
1060
1058
1115
1111
1124
1041
1107
1103
1099
1095
1091
3135
0
0
0
1071
0
0
1036
1053
1119
1802
0
1048
1079
0
1025
1067
1044
1083
0
1798
1075
1032
1029
1795
1123
1060
1058
1115
1111
1124
1041
1107
1103
1099
1095
1091
3135
0
0
0
1069
0
1040
1026
1117
0
1803
1048
1077
0
1101
1030
1044
1097
0
1081
1799
1032
1073
1054
1065
1060
1793
1121
1113
1124
1109
1105
1093
1089
1085
1058
3087
0
0
0
1119
0
1076
1025
1063
0
1802
1032
1075
0
1029
0
1048
1107
0
1083
1798
1044
1041
1795
1123
1064
1115
1058
1111
1124
1037
1103
1095
1096
1054
1091
1069
3135
0
0
0
1069
0
1040
1026
1117
0
1803
1048
1077
0
1101
1030
1044
1065
0
1081
1799
1032
1073
1054
1105
1060
1793
1121
1113
1124
1109
1097
1093
1089
1085
1058
3087
0
0
0
1119
1056
0
1029
1075
0
1048
1802
1067
0
1053
1044
1107
0
0
0
1040
1069
1798
1103
1096
1083
1795
1077
1124
1038
1123
1115
1060
1033
1111
1095
1026
1091
3135
0
0
0
1066
0
0
0
1126
0
1032
1049
1098
1803
0
0
1118
0
0
0
1028
1045
1082
1799
0
0
1110
0
0
0
1024
1041
1078
1059
1074
1794
1060
1122
1114
1106
1102
1037
1068
1094
1090
1086
3103
0
0
0
1118
0
0
1036
1078
1055
1801
1050
1032
1102
0
1066
1027
1044
1082
0
1797
1060
1110
1031
1074
1124
1794
1057
1122
1068
1114
1106
1098
1094
1090
1086
3091
0
0
0
1079
0
1040
0
1111
0
1029
1802
1060
1067
0
0
0
1103
1056
0
1045
1798
1051
0
1068
1075
1795
1123
1096
1115
1025
1034
1124
1107
1095
1091
1080
1087
0
0
1116
1037
3102
0
0
0
1074
0
0
0
1126
0
1032
1049
1070
1803
0
0
1118
0
0
0
1028
1045
1082
1799
0
0
1110
0
0
0
1024
1041
1106
1059
1066
1794
1060
1122
1114
1102
1098
1037
1076
1094
1090
1086
3103
0
0
0
1127
0
0
0
1079
0
1044
1025
1802
1119
0
0
0
1105
1071
1795
1040
1123
1798
1073
1115
1103
1095
1091
1087
1097
1036
0
1058
0
0
1081
0
0
0
0
1032
1065
1054
0
0
0
0
1109
0
0
1028
1061
3098
0
0
0
1075
0
1040
0
1111
0
1029
1802
1076
1107
0
0
0
1103
1060
0
1045
1798
1051
0
1056
1067
1795
1123
1068
1115
1025
1034
1124
1099
1095
1091
1080
1087
0
0
1116
1037
3102
0
0
0
0
1043
1100
0
0
0
1029
1802
1096
1059
0
0
0
1079
1080
0
1045
1798
1127
0
1064
0
1071
0
0
0
1072
1025
1034
1119
0
0
1108
1063
0
0
1051
1037
1104
1054
1795
1123
1115
1095
1091
3135
0
0
0
1114
1028
1053
0
1062
1803
1024
1049
1070
0
0
1056
1045
1078
1799
1124
1066
1041
1082
1120
1074
1110
1037
1116
1106
1102
1098
1033
1094
1090
1086
3843
0
0
0
1114
1028
1053
0
1062
1803
1024
1049
1070
0
0
1056
1045
1078
1799
1124
1066
1041
1082
1120
1074
1110
1037
1116
1106
1102
1098
1033
1094
1090
1086
3843
0
0
0
1071
1037
1030
0
1079
1800
1033
1026
1059
0
1125
1075
1054
1067
1796
1121
1103
1050
1099
1117
1083
1111
1046
1792
1113
1107
1095
1042
1061
1091
3135
0
0
0
1124
0
0
0
1120
1057
1026
0
1116
1803
0
1077
1112
0
0
1030
1072
1069
0
0
1104
1799
1049
0
1064
1042
0
1045
1096
0
1795
0
1060
1033
1080
1108
1100
1092
1088
1084
1038
3103
0
0
0
1071
1037
1030
0
1079
1800
1033
1058
1043
0
1125
1075
1054
1107
1796
1121
1103
1050
1067
1117
1083
1111
1046
1792
1113
1099
1095
1026
1061
1091
3135
0
0
0
1103
1032
0
0
1099
1029
1048
0
1802
1063
0
1044
0
1075
1053
1124
1043
0
0
1120
1798
1059
0
1116
1037
1083
1111
1112
1095
1794
1077
1064
1091
1087
0
1104
1069
0
3074
0
0
0
1124
0
0
0
1120
1057
1050
0
1116
1795
0
1069
1112
0
0
1046
1108
1061
0
0
1076
1799
1041
0
1064
1034
0
1037
1096
0
1803
0
1080
1029
1072
1104
1100
1092
1088
1084
1026
3103
0
0
0
1071
1037
1030
0
1079
1800
1033
1058
1051
0
1125
1111
1054
1075
1796
1121
1103
1026
1067
1117
1083
1107
1046
1792
1113
1099
1095
1042
1061
1091
3135
0
0
0
1103
1036
0
0
1099
1033
1028
0
1794
1083
0
1040
0
1079
1053
1124
1051
0
0
1120
1798
1059
0
1116
1025
1075
1107
1112
1095
1802
1069
1108
1091
1087
0
1064
1061
0
3094
0
0
0
1124
0
0
0
1120
1033
1050
0
1116
1803
0
1077
1112
0
0
1046
1108
1061
0
0
1104
1795
1057
0
1072
1042
0
1053
1068
0
1799
0
1080
1025
1064
1100
1096
1092
1088
1084
1038
3079
0
0
0
1127
0
0
0
1123
1796
0
1045
1030
1119
0
0
0
1115
1792
0
0
1063
1041
1026
1072
1079
0
0
0
1071
1096
1103
1095
1037
1058
1091
1080
1087
0
0
0
0
1064
0
1033
1054
0
0
1108
0
0
0
0
1801
1104
0
3098
0
0
0
1103
1056
0
0
1071
1029
1052
0
1802
1083
0
1024
0
1075
1037
1124
1043
0
0
1120
1794
1051
0
1116
1033
1067
1099
1112
1095
1798
1077
1108
1091
1087
0
1104
1061
0
3094
0
0
0
0
0
1100
0
0
1793
1124
1030
1027
0
1120
1097
0
0
1116
0
0
1081
1112
1046
1039
0
1076
1065
0
0
1068
0
1802
1073
1060
1035
0
1056
0
1109
1048
1798
0
1040
1092
1088
1084
1105
3103
0
0
0
0
0
0
0
0
0
0
0
0
0
0
0
0
0
0
0
0
0
0
0
0
0
0
0
0
0
0
0
0
0
0
0
0
0
0
0
0
0
0
0
0
0
0
0
0
0
0
0
0
0
0
0
0
0
0
0
0
0
0
0
0
0
0
0
0
0
0
0
0
0
0
0
0
0
0
0
0
0
0
0
0
0
0
0
0
0
0
0
0
0
0
0
0
0
0
0
0
0
0
0
0
0
0
0
0
0
0
0
0
0
0
0
0
0
0
0
0
0
0
0
0
0
0
0
0
0
0
0
0
0
0
0
0
0
0
0
0
0
0
0
0
0
0
0
0
0
0
0
0
0
0
0
0
0
0
0
0
0
0
0
0
0
0
0
0
0
0
0
0
0
0
0
0
0
0
0
0
0
0
0
0
0
0
0
0
0
0
0
0
0
0
0
0
0
0
0
0
0
0
0
0
0
0
0
0
0
0
0
0
0
0
0
0
0
0
0
0
0
0
0
0
0
0
0
0
0
0
0
0
0
0
0
0
0
0
0
0
0
0
0
0
0
0
0
0
0
0
0
0
0
0
0
0
0
0
0
0
0
0
0
0
0
0
0
0
0
0
0
0
0
0
0
0
0
0
0
0
0
0
0
0
0
0
0
0
0
0
0
0
0
0
0
0
0
0
0
0
0
0
0
0
0
0
0
0
0
0
0
0
0
0
0
0
0
0
0
0
0
0
0
0
0
0
0
0
0
0
0
0
0
0
0
0
0
0
0
0
0
0
0
0
0
0
0
0
0
0
0
0
0
0
0
0
0
0
0
0
0
0
0
0
0
0
0
0
0
0
0
0
0
0
0
0
0
0
0
0
0
0
0
0
0
0
0
0
0
0
0
0
0
0
0
0
0
0
0
0
0
0
0
0
0
0
0
0
0
0
0
0
0
0
0
0
0
0
0
0
0
0
0
0
0
0
0
0
0
0
0
0
0
0
0
0
0
0
0
0
0
0
0
0
0
0
0
0
0
0
0
0
0
0
0
0
0
0
0
0
0
0
0
0
0
0
0
0
0
0
0
0
0
0
0
0
0
0
0
0
0
0
0
0
0
0
0
0
0
0
0
0
0
0
0
0
0
0
0
0
0
0
0
0
0
0
0
0
0
0
0
0
0
0
0
0
0
0
0
0
0
0
0
0
0
0
0
0
0
0
0
0
0
0
0
0
0
0
0
0
0
0
0
0
0
0
0
0
0
0
0
0
0
0
0
0
0
0
0
0
0
0
0
0
0
0
0
0
0
0
0
0
0
0
0
0
0
0
0
0
0
0
0
0
0
0
0
0
0
0
0
0
0
0
0
0
0
0
0
0
0
0
0
0
0
0
0
0
0
0
0
0
0
0
0
0
0
0
0
0
0
0
0
0
0
0
0
0
0
0
0
0
0
0
0
0
0
0
0
0
0
0
0
0
0
0
0
0
0
0
0
0
0
0
0
0
0
0
0
0
0
0
0
0
0
0
0
0
0
0
0
0
0
0
0
0
0
0
0
0
0
0
0
0
0
0
0
0
0
0
0
0
0
0
0
0
0
0
0
0
0
0
0
0
0
0
0
0
0
0
0
0
0
0
0
0
0
0
0
0
0
0
0
0
0
0
0
0
0
0
0
0
0
0
0
0
0
0
0
0
0
0
0
0
0
0
0
0
0
0
0
0
0
0
0
0
0
0
0
0
0
0
0
0
0
0
0
0
0
0
0
0
0
0
0
0
0
0
0
0
0
0
0
0
0
0
0
0
0
0
0
0
0
0
0
0
0
0
0
0
0
0
0
0
0
0
0
0
0
0
0
0
0
0
0
0
0
0
0
0
0
0
0
0
0
0
0
0
0
0
0
0
0
0
0
0
0
0
0
0
0
0
0
0
0
0
0
0
0
0
0
0
0
0
0
0
0
0
0
0
0
0
0
0
0
0
0
0
0
0
0
0
0
0
0
0
0
0
0
0
0
0
0
0
0
0
0
0
0
0
0
0
0
0
0
0
0
0
0
0
0
0
0
0
0
0
0
0
0
0
0
0
0
0
0
0
0
0
0
0
0
0
0
0
0
0
0
0
0
0
0
0
0
0
0
0
0
0
0
0
0
0
0
0
0
0
0
0
0
0
0
0
0
0
0
0
0
0
0
0
0
0
0
0
0
0
0
0
0
0
0
0
0
0
0
0
0
0
0
0
0
0
0
0
0
0
0
0
0
0
0
0
0
0
0
0
0
0
0
0
0
0
0
0
0
0
0
0
0
0
0
0
0
0
0
0
0
0
0
0
0
0
0
0
0
0
0
0
0
0
0
0
0
0
0
0
0
0
0
0
0
0
0
0
0
0
0
0
0
0
0
0
0
0
0
0
0
0
0
0
0
0
0
0
0
0
0
0
0
0
0
0
0
0
0
0
0
0
0
0
0
0
0
0
0
0
0
0
0
0
0
0
0
0
0
0
0
0
0
0
0
0
0
0
0
0
0
0
0
0
0
0
0
0
0
0
0
0
0
0
0
0
0
0
0
0
0
0
0
0
0
0
0
0
0
0
0
0
0
0
0
0
0
0
0
0
0
0
0
0
0
0
0
0
0
0
0
0
0
0
0
0
0
0
0
0
0
0
0
0
0
0
0
0
0
0
0
0
0
0
0
0
0
0
0
0
0
0
0
0
0
0
0
0
0
0
0
0
0
0
0
0
0
0
0
0
0
0
0
0
0
0
0
0
0
0
0
0
0
0
0
0
0
0
0
0
0
0
0
0
0
0
0
0
0
0
0
0
0
0
0
0
0
0
0
0
0
0
0
0
0
0
0
0
0
0
0
0
0
0
0
0
0
0
0
0
0
0
0
0
0
0
0
0
0
0
0
0
0
0
0
0
0
0
0
0
0
0
0
0
0
0
0
0
0
0
0
0
0
0
0
0
0
0
0
0
0
0
0
0
0
0
0
0
0
0
0
0
0
0
0
0
0
0
0
0
0
0
0
0
0
0
0
0
0
0
0
0
0
0
0
0
0
0
0
0
0
0
0
0
0
0
0
0
0
0
0
0
0
0
0
0
0
0
0
0
0
0
0
0
0
0
0
0
0
0
0
0
0
0
0
0
0
0
0
0
0
0
0
0
0
0
0
0
0
0
0
0
0
0
0
0
0
0
0
0
0
0
0
0
0
0
0
0
0
0
0
0
0
0
0
0
0
0
0
0
0
0
0
0
0
0
0
0
0
0
0
0
0
0
0
0
0
0
0
0
0
0
0
0
0
0
0
0
0
0
0
0
0
0
0
0
0
0
0
0
0
0
0
0
0
0
0
0
0
0
0
0
0
0
0
0
0
0
0
0
0
0
0
0
0
0
0
0
0
0
0
0
0
0
0
0
0
0
0
0
0
0
0
0
0
0
0
0
0
0
0
0
0
0
0
0
0
0
0
0
0
0
0
0
0
0
0
0
0
0
0
0
0
0
0
0
0
0
0
0
0
0
0
0
0
0
0
0
0
0
0
0
0
0
0
0
0
0
0
0
0
0
0
0
0
0
0
0
0
0
0
0
0
0
0
0
0
0
0
0
0
0
0
0
0
0
0
0
0
0
0
0
0
0
0
0
0
0
0
0
0
0
0
0
0
0
0
0
0
0
0
0
0
0
0
0
0
0
0
0
0
0
0
0
0
0
0
0
0
0
0
0
0
0
0
0
0
0
0
0
0
0
0
0
0
0
0
0
0
0
0
0
0
0
0
0
0
0
0
0
0
0
0
0
0
0
0
0
0
0
0
0
0
0
0
0
0
0
0
0
0
0
0
0
0
0
0
0
0
0
0
0
0
0
0
0
0
0
0
0
0
0
0
0
0
0
0
0
0
0
0
0
0
0
0
0
0
0
0
0
0
0
0
0
0
0
0
0
0
0
0
0
0
0
0
0
0
0
0
0
0
0
0
0
0
0
0
0
0
0
0
0
0
0
0
0
0
0
0
0
0
0
0
0
0
0
0
0
0
0
0
0
0
0
0
0
0
0
0
0
0
0
0
0
0
0
0
0
0
0
0
0
0
0
0
0
0
0
0
0
0
0
0
0
0
0
0
0
0
0
0
0
0
0
0
0
0
0
0
0
0
0
0
0
0
0
0
0
0
0
0
0
0
0
0
0
0
0
0
0
0
0
0
0
0
0
0
0
0
0
0
0
0
0
0
0
0
0
0
0
0
0
0
0
0
0
0
0
0
0
0
0
0
0
0
0
0
0
0
0
0
0
0
0
0
0
0
0
0
0
0
0
0
0
0
0
0
0
0
0
0
0
0
0
0
0
0
0
0
0
0
0
0
0
0
0
0
0
0
0
0
0
0
0
0
0
0
0
0
0
0
0
0
0
0
0
0
0
0
0
0
0
0
0
0
0
0
0
0
0
0
0
0
0
0
0
0
0
0
0
0
0
0
0
0
0
0
0
0
0
0
0
0
0
0
0
0
0
0
0
0
0
0
0
0
0
0
0
0
0
0
0
0
0
0
0
0
0
0
0
0
0
0
0
0
0
0
0
0
0
0
0
0
0
0
0
0
0
0
0
0
0
0
0
0
0
0
0
0
0
0
0
0
0
0
0
0
0
0
0
0
0
0
0
0
0
0
0
0
0
0
0
0
0
0
0
0
0
0
0
0
0
0
0
0
0
0
0
0
0
0
0
0
0
0
0
0
