int
1080
1076
1072
1064
1056
1048
1044
1032
1041
1794
1063
1037
1071
1127
1025
1798
1123
1029
1119
1053
1802
1115
1111
1107
1103
1099
1095
1091
3135
0
1071
0
1055
0
1024
1041
1802
1063
0
1035
1028
1127
1049
1798
1123
1119
1108
1115
1037
1107
1794
1103
1044
1099
1077
1095
1091
1087
1083
1075
1067
3107
0
1071
0
1055
1084
1041
1794
1063
1127
1036
1123
1025
1802
1119
1028
1111
1107
1033
1798
1112
1103
1099
1095
1091
1083
1079
1075
1067
1059
1051
3095
0
0
0
0
0
1031
1084
1049
1802
0
0
1027
0
1112
1063
1033
1798
1071
0
1055
1108
1127
1045
1123
1794
1119
1036
1107
1103
1077
1099
1095
1042
1091
1083
1075
1067
3107
0
0
1039
0
0
1043
1028
1045
1802
1071
0
1055
0
1108
1077
1798
1063
1127
1123
1119
1048
1025
1794
1115
1107
1103
1099
1095
1091
1087
1083
1075
1067
1059
3083
0
0
1027
1080
1055
1041
1063
1088
1794
1101
1036
1071
1127
1032
1121
1798
1028
1115
1117
1048
1111
1802
1097
1107
1095
1087
1079
1075
1067
1059
3095
0
0
0
0
1091
1110
0
0
1048
1801
1103
1046
0
1035
1036
1071
1098
1055
1797
1063
1076
1122
1127
1115
1107
1095
1024
1793
1118
1087
1075
1067
1028
1082
1059
0
3089
0
0
0
0
0
0
0
0
1036
1029
1086
1795
0
0
0
0
0
1100
1121
1082
0
1027
0
0
0
0
1096
1117
1034
0
1070
1803
1054
0
1062
1048
1113
1126
1110
1106
1094
1078
1074
1066
1088
1041
1058
1046
3847
0
0
0
0
0
0
1084
1797
1042
1079
0
0
0
1112
1793
0
1050
1031
0
1063
1108
1025
1071
0
1034
1055
1127
1036
1045
1123
1119
1802
1107
1103
1099
1095
1091
1083
1075
1067
3107
0
0
0
0
0
0
0
0
0
0
1088
1113
1802
1039
0
0
0
0
0
0
0
1084
1109
1798
1035
0
1063
0
1071
0
1055
1127
1080
1025
1794
1107
1095
1075
1067
1059
0
0
0
1076
1101
1030
0
0
0
0
0
0
0
0
1044
1097
1122
0
0
0
0
0
0
0
0
1040
1049
3166
0
0
1039
0
1055
1800
1081
1794
1063
0
1071
1032
1123
1117
1106
1115
1111
1040
1103
1091
1028
1097
1798
1048
1087
1079
1024
1075
1093
1126
1067
1059
3095
0
0
0
0
0
0
0
0
0
1096
1117
1802
1079
0
0
0
0
0
0
1092
1041
1798
1027
0
0
0
1051
0
1071
1032
1109
1794
1055
0
1063
1123
1115
1103
1091
1028
1105
1126
1087
1075
1067
1059
0
0
0
1080
1037
3094
1127
1123
1119
1111
1028
1037
1794
1032
1107
1068
1085
1052
1802
1060
1103
1024
1045
1798
1099
1095
1091
1113
1083
1079
1075
1067
1059
1051
3091
0
0
0
0
1112
1039
0
1041
1794
1080
1051
0
1071
1025
1104
1055
1802
1063
1125
1028
1123
1111
1103
1085
1096
1798
1091
1079
1117
1092
1075
1067
1059
1034
3095
0
0
0
0
0
0
0
0
0
0
1048
1113
1802
1039
0
0
0
0
0
0
0
1084
1109
1798
1035
0
1063
0
1071
0
1055
1123
1080
1105
1794
1103
1091
1075
1067
1059
0
0
0
1076
1025
1126
0
0
0
0
0
0
0
0
1044
1097
1030
0
0
0
0
0
0
0
0
1040
1093
3166
0
1063
0
1071
1119
1800
1121
1794
1115
1111
1099
1040
1087
1101
1036
1106
1083
1032
1079
1075
1028
1089
1798
1048
1067
1059
1024
1047
1052
1093
3174
0
0
0
0
0
0
0
0
0
1036
1045
1802
1079
0
0
0
0
0
0
1092
1025
1798
1051
0
0
0
0
0
0
1088
1109
1794
1043
0
1071
0
1055
0
1063
1032
1105
1126
1119
1115
1099
1087
1083
1075
1067
1028
1101
1122
3107
0
0
0
0
0
0
0
0
1104
1125
1794
1087
0
0
0
0
0
1100
1121
0
1026
1051
0
0
0
1043
1036
1033
1071
1802
1055
0
1063
1119
1111
1092
1113
1099
1798
1083
1079
1075
1067
1059
1088
1029
3095
0
0
0
0
0
0
0
0
0
0
1088
1113
1802
1039
0
0
0
0
0
0
0
1084
1109
1798
1035
0
1063
0
1071
0
1055
1119
1048
1105
1794
1099
1083
1075
1067
1059
0
0
0
1076
1101
1126
0
0
0
0
0
0
0
0
1044
1025
1122
0
0
0
0
0
0
0
0
1040
1093
3078
0
0
1027
0
0
1800
1039
1121
1094
1035
0
1040
1031
0
1055
1101
1116
1106
1063
0
1071
1096
1115
1089
1111
1794
1080
1087
1079
1048
1797
1075
1067
1126
1059
3095
0
0
0
0
0
0
0
0
0
0
1024
1049
1118
1099
0
0
0
0
0
0
0
1108
1045
1802
0
1083
0
0
0
0
0
0
1104
1041
1798
0
0
1091
0
0
0
0
0
1092
1037
1794
0
1033
0
1069
1103
1053
0
1061
1028
1113
1085
1073
1065
1057
1126
0
1123
0
0
3124
0
0
0
0
0
0
0
0
0
1084
1121
1118
1107
0
0
0
0
0
0
1028
1113
0
1094
1027
0
0
0
0
0
1040
1033
0
0
1082
1795
0
0
0
0
1036
1101
0
1048
1802
1068
1127
1052
0
1060
1108
1076
1072
1064
1056
1044
1089
1798
3147
0
0
0
0
0
0
0
0
0
0
1096
0
1089
1114
1047
0
0
0
0
0
0
1080
0
0
0
1085
1110
1799
0
0
0
0
1040
0
0
0
0
1049
0
1106
1795
0
0
1036
0
0
0
0
0
1033
0
0
1102
1127
1024
0
1060
0
1068
0
1052
1072
1064
1056
1801
1030
1123
0
0
0
0
0
0
0
0
1117
0
0
1094
3127
0
0
0
0
0
0
0
0
0
0
0
0
0
0
0
0
0
0
0
0
0
0
0
0
0
0
0
0
0
0
0
0
0
0
0
0
0
0
0
0
0
0
0
0
0
0
0
0
0
0
0
0
0
0
0
0
0
0
0
0
0
0
0
0
0
0
0
0
0
0
0
0
0
0
0
0
0
0
0
0
0
0
0
0
0
0
0
0
0
0
0
0
0
0
0
0
0
0
0
0
0
0
0
0
0
0
0
0
0
0
0
0
0
0
0
0
0
0
0
0
0
0
0
0
0
0
0
0
0
0
0
0
0
0
0
0
0
0
0
0
0
0
0
0
0
0
0
0
0
0
0
0
0
0
0
0
0
0
0
0
0
0
0
0
0
0
0
0
0
0
0
0
0
0
0
0
0
0
0
0
0
0
0
0
0
0
0
0
0
0
0
0
0
0
0
0
0
0
0
0
0
0
0
0
0
0
0
0
0
0
0
0
0
0
0
0
0
0
0
0
0
0
0
0
0
0
0
0
0
0
0
0
0
0
0
0
0
0
0
0
0
0
0
0
0
0
0
0
0
0
0
0
0
0
0
0
0
0
0
0
0
0
0
0
0
0
0
0
0
0
0
0
0
0
0
0
0
0
0
0
0
0
0
0
0
0
0
0
0
0
0
0
0
0
0
0
0
0
0
0
0
0
0
0
0
0
0
0
0
0
0
0
0
0
0
0
0
0
0
0
0
0
0
0
0
0
0
0
0
0
0
0
0
0
0
0
0
0
0
0
0
0
0
0
0
0
0
0
0
0
0
0
0
0
0
0
0
0
0
0
0
0
0
0
0
0
0
0
0
0
0
0
0
0
0
0
0
0
0
0
0
0
0
0
0
0
0
0
0
0
0
0
0
0
0
0
0
0
0
0
0
0
0
0
0
0
0
0
0
0
0
0
0
0
0
0
0
0
0
0
0
0
0
0
0
0
0
0
0
0
0
0
0
0
0
0
0
0
0
0
0
0
0
0
0
0
0
0
0
0
0
0
0
0
0
0
0
0
0
0
0
0
0
0
0
0
0
0
0
0
0
0
0
0
0
0
0
0
0
0
0
0
0
0
0
0
0
0
0
0
0
0
0
0
0
0
0
0
0
0
0
0
0
0
0
0
0
0
0
0
0
0
0
0
0
0
0
0
0
0
0
0
0
0
0
0
0
0
0
0
0
0
0
0
0
0
0
0
0
0
0
0
0
0
0
0
0
0
0
0
0
0
0
0
0
0
0
0
0
0
0
0
0
0
0
0
0
0
0
0
0
0
0
0
0
0
0
0
0
0
0
0
0
0
0
0
0
0
0
0
0
0
0
0
0
0
0
0
0
0
0
0
0
0
0
0
0
0
0
0
0
0
0
0
0
0
0
0
0
0
0
0
0
0
0
0
0
0
0
0
0
0
0
0
0
0
0
0
0
0
0
0
0
0
0
0
0
0
0
0
0
0
0
0
0
0
0
0
0
0
0
0
0
0
0
0
0
0
0
0
0
0
0
0
0
0
0
0
0
0
0
0
0
0
0
0
0
0
0
0
0
0
0
0
0
0
0
0
0
0
0
0
0
0
0
0
0
0
0
0
0
0
0
0
0
0
0
0
0
0
0
0
0
0
0
0
0
0
0
0
0
0
0
0
0
0
0
0
0
0
0
0
0
0
0
0
0
0
0
0
0
0
0
0
0
0
0
0
0
0
0
0
0
0
0
0
0
0
0
0
0
0
0
0
0
0
0
0
0
0
0
0
0
0
0
0
0
0
0
0
0
0
0
0
0
0
0
0
0
0
0
0
0
0
0
0
0
0
0
0
0
0
0
0
0
0
0
0
0
0
0
0
0
0
0
0
0
0
0
0
0
0
0
0
0
0
0
0
0
0
0
0
0
0
0
0
0
0
0
0
0
0
0
0
0
0
0
0
0
0
0
0
0
0
0
0
0
0
0
0
0
0
0
0
0
0
0
0
0
0
0
0
0
0
0
0
0
0
0
0
0
0
0
0
0
0
0
0
0
0
0
0
0
0
0
0
0
0
0
0
0
0
0
0
0
0
0
0
0
0
0
0
0
0
0
0
0
0
0
0
0
0
0
0
0
0
0
0
0
0
0
0
0
0
0
0
0
0
0
0
0
0
0
0
0
0
0
0
0
0
0
0
0
0
0
0
0
0
0
0
0
0
0
0
0
0
0
0
0
0
0
0
0
0
0
0
0
0
0
0
0
0
0
0
0
0
0
0
0
0
0
0
0
0
0
0
0
0
0
0
0
0
0
0
0
0
0
0
0
0
0
0
0
0
0
0
0
0
0
0
0
0
0
0
0
0
0
0
0
0
0
0
0
0
0
0
0
0
0
0
0
0
0
0
0
0
0
0
0
0
0
0
0
0
0
0
0
0
0
0
0
0
0
0
0
0
0
0
0
0
0
0
0
0
0
0
0
0
0
0
0
0
0
0
0
0
0
0
0
0
0
0
0
0
0
0
0
0
0
0
0
0
0
0
0
0
0
0
0
0
0
0
0
0
0
0
0
0
0
0
0
0
0
0
0
0
0
0
0
0
0
0
0
0
0
0
0
0
0
0
0
0
0
0
0
0
0
0
0
0
0
0
0
0
0
0
0
0
0
0
0
0
0
0
0
0
0
0
0
0
0
0
0
0
0
0
0
0
0
0
0
0
0
0
0
0
0
0
0
0
0
0
0
0
0
0
0
0
0
0
0
0
0
0
0
0
0
0
0
0
0
0
0
0
0
0
0
0
0
0
0
0
0
0
0
0
0
0
0
0
0
0
0
0
0
0
0
0
0
0
0
0
0
0
0
0
0
0
0
0
0
0
0
0
0
0
0
0
0
0
0
0
0
0
0
0
0
0
0
0
0
0
0
0
0
0
0
0
0
0
0
0
0
0
0
0
0
0
0
0
0
0
0
0
0
0
0
0
0
0
0
0
0
0
0
0
0
0
0
0
0
0
0
0
0
0
0
0
0
0
0
0
0
0
0
0
0
0
0
0
0
0
0
0
0
0
0
0
0
0
0
0
0
0
0
0
0
0
0
0
0
0
0
0
0
0
0
0
0
0
0
0
0
0
0
0
0
0
0
0
0
0
0
0
0
0
0
0
0
0
0
0
0
0
0
0
0
0
0
0
0
0
0
0
0
0
0
0
0
0
0
0
0
0
0
0
0
0
0
0
0
0
0
0
0
0
0
0
0
0
0
0
0
0
0
0
0
0
0
0
0
0
0
0
0
0
0
0
0
0
0
0
0
0
0
0
0
0
0
0
0
0
0
0
0
0
0
0
0
0
0
0
0
0
0
0
0
0
0
0
0
0
0
0
0
0
0
0
0
0
0
0
0
0
0
0
0
0
0
0
0
0
0
0
0
0
0
0
0
0
0
0
0
0
0
0
0
0
0
0
0
0
0
0
0
0
0
0
0
0
0
0
0
0
0
0
0
0
0
0
0
0
0
0
0
0
0
0
0
0
0
0
0
0
0
0
0
0
0
0
0
0
0
0
0
0
0
0
0
0
0
0
0
0
0
0
0
0
0
0
0
0
0
0
0
0
0
0
0
0
0
0
0
0
0
0
0
0
0
0
0
0
0
0
0
0
0
0
0
0
0
0
0
0
0
0
0
0
0
0
0
0
0
0
0
0
0
0
0
0
0
0
0
0
0
0
0
0
0
0
0
0
0
0
0
0
0
0
0
0
0
0
0
0
0
0
0
0
0
0
0
0
0
0
0
0
0
0
0
0
0
0
0
0
0
0
0
0
0
0
0
0
0
0
0
0
0
0
0
0
0
0
0
0
0
0
0
0
0
0
0
0
0
0
0
0
0
0
0
0
0
0
0
0
0
0
0
0
0
0
0
0
0
0
0
0
0
0
0
0
0
0
0
0
0
0
0
0
0
0
0
0
0
0
0
0
0
0
0
0
0
0
0
0
0
0
0
0
0
0
0
0
0
0
0
0
0
0
0
0
0
0
0
0
0
0
0
0
0
0
0
0
0
0
0
0
0
0
0
0
0
0
0
0
0
0
0
0
0
0
0
0
0
0
0
0
0
0
0
0
0
0
0
0
0
0
0
0
0
0
0
0
0
0
0
0
0
0
0
0
0
0
0
0
0
0
0
0
0
0
0
0
0
0
0
0
0
0
0
0
0
0
0
0
0
0
0
0
0
0
0
0
0
0
0
0
0
0
0
0
0
0
0
0
0
0
0
0
0
0
0
0
0
0
0
0
0
0
0
0
0
0
0
0
0
0
0
0
0
0
0
0
0
0
0
0
0
0
0
0
0
0
0
0
0
0
0
0
0
0
0
0
0
0
0
0
0
0
0
0
0
0
0
0
0
0
0
0
0
0
0
0
0
0
0
0
0
0
0
0
0
0
0
0
0
0
0
0
0
0
0
0
0
0
0
0
0
0
0
0
0
0
0
0
0
0
0
0
0
0
0
0
0
0
0
0
0
0
0
0
0
0
0
0
0
0
0
0
0
0
0
0
0
0
0
0
0
0
0
0
0
0
0
0
0
0
0
0
0
0
0
0
0
0
0
0
0
0
0
0
0
0
0
0
0
0
0
0
0
0
0
0
0
0
0
0
0
0
0
0
0
0
0
0
0
0
0
0
0
0
0
0
0
0
0
0
0
0
0
0
0
0
0
0
0
0
0
0
0
0
0
0
0
0
0
0
0
0
0
0
0
0
0
0
0
0
0
0
0
0
0
0
0
0
0
0
0
0
0
0
0
0
0
0
0
0
0
0
0
0
0
0
0
0
0
0
0
0
0
0
0
0
0
0
0
0
0
0
0
0
0
0
0
0
0
0
0
0
0
0
0
0
0
0
0
0
0
0
0
0
0
0
0
0
0
0
0
0
0
0
0
0
0
0
0
0
0
0
0
0
0
0
0
0
0
0
0
0
0
0
0
0
0
0
0
0
0
0
0
0
0
0
0
0
0
0
0
0
0
0
0
0
0
0
0
0
0
0
0
0
0
0
0
0
0
0
0
0
0
0
0
0
0
0
0
0
0
0
0
0
0
0
0
0
0
0
0
0
0
0
0
0
0
0
0
0
0
0
0
0
0
0
0
0
0
0
0
0
0
0
0
0
0
0
0
0
0
0
0
0
0
0
0
0
0
0
0
0
0
0
0
0
0
0
0
0
0
0
0
0
0
0
0
0
0
0
0
0
0
0
0
0
0
0
0
0
0
0
0
0
0
0
0
0
0
0
0
0
0
0
0
0
0
0
0
0
0
0
0
0
0
0
0
0
0
0
0
0
0
0
0
0
0
0
0
0
0
0
0
0
0
0
0
0
0
0
0
0
0
0
0
0
0
0
0
0
0
0
0
0
0
0
0
0
0
0
0
0
0
0
0
0
0
0
0
0
0
0
0
0
0
0
0
0
0
0
0
0
0
0
0
0
0
0
0
0
0
0
0
0
0
0
0
0
0
0
0
0
0
0
0
0
0
0
0
0
0
0
0
0
0
0
0
0
0
0
0
0
0
0
0
0
0
0
0
0
0
0
0
0
0
0
0
0
0
0
0
0
0
0
0
0
0
0
0
0
0
0
0
0
0
0
0
0
0
0
0
0
0
0
0
0
0
0
0
0
0
0
0
0
0
0
0
0
0
0
0
0
0
0
0
0
0
0
0
0
0
0
0
0
0
0
0
0
0
0
0
0
0
0
0
0
0
0
0
0
0
0
0
0
0
0
0
0
0
0
0
0
0
0
0
0
0
0
0
0
0
0
0
0
0
0
0
0
0
0
0
0
0
0
0
0
0
0
0
0
0
0
0
0
0
0
0
0
0
0
0
0
0
0
0
0
0
0
0
0
0
0
0
0
0
0
0
0
0
0
0
0
0
0
0
0
0
0
0
0
0
0
0
0
0
0
0
0
0
0
0
0
0
0
0
0
0
0
0
0
0
0
0
0
0
0
0
0
0
0
0
0
0
0
0
0
0
0
0
0
0
0
0
0
0
0
0
0
0
0
0
0
0
0
0
0
0
0
0
0
0
0
0
0
0
0
0
0
0
0
0
0
0
0
0
0
0
0
0
0
0
0
0
0
0
0
0
0
0
0
0
0
0
0
0
0
0
0
0
0
0
0
0
0
0
0
0
0
0
0
0
0
0
0
0
0
0
0
0
0
0
0
0
0
0
0
0
0
0
0
0
0
0
0
0
0
0
0
0
0
0
0
0
0
0
0
0
0
0
0
0
0
0
0
0
0
0
0
0
0
0
0
0
0
0
0
0
0
0
0
0
0
0
0
0
0
0
0
0
0
0
0
0
0
0
0
0
0
0
0
0
0
0
0
0
0
0
0
0
0
0
0
0
0
0
0
0
0
0
0
0
0
0
0
0
0
0
0
0
0
0
0
0
0
0
0
0
0
0
0
0
0
0
0
0
0
0
0
0
0
0
0
0
0
0
0
0
0
0
0
0
0
0
0
0
0
0
0
0
0
0
0
0
0
0
0
0
0
0
0
0
0
0
0
0
0
0
0
0
0
0
0
0
0
0
0
0
0
0
0
0
0
0
0
0
0
0
0
0
0
0
0
0
0
0
0
0
0
0
0
0
0
0
0
0
0
0
0
0
0
0
0
0
0
0
0
0
0
0
0
0
0
0
0
0
0
0
0
0
0
0
0
0
0
0
0
0
0
0
0
0
0
0
0
0
0
0
0
0
0
0
0
0
0
0
0
0
0
0
0
0
0
0
0
0
0
0
0
0
0
0
0
0
0
0
0
0
0
0
0
0
0
0
0
0
0
0
0
0
0
0
0
0
0
0
0
0
0
0
0
0
0
0
0
0
0
0
0
0
0
0
0
0
0
0
0
0
0
0
0
0
0
