int
1115
1111
1107
1028
1049
1042
1103
1064
1045
1038
1069
1024
1061
1082
1077
1056
1801
1797
1793
1052
1125
1121
1117
1034
1099
1095
1091
1074
3135
1799
1795
1127
1123
1044
1025
1034
1119
1115
1040
1061
1082
1111
1107
1036
1057
1078
1068
1095
1100
1053
1096
1074
1064
1800
1049
1091
1030
3135
0
0
0
1079
1024
1049
1066
1063
1068
1099
1081
1030
1032
1107
1803
1045
1040
1058
1799
1795
1036
1073
1054
1127
1123
1119
1115
1111
1103
1095
1091
3135
1795
1127
1123
1119
1064
1045
1034
1115
1111
1060
1041
1082
1099
1095
1056
1037
1030
1105
1091
1052
1101
1026
1077
1087
1048
1073
1801
1797
3118
0
1099
1803
1799
1795
1068
1049
1042
1127
1123
1119
1028
1045
1038
1115
1111
1065
1024
1095
1082
1101
1091
1087
1056
1061
1078
0
0
1073
1052
1105
3082
0
0
0
1031
1040
1049
1066
1079
1068
1111
1081
1038
1060
1099
1803
1045
1056
1034
1799
1795
1052
1073
1026
1127
1123
1119
1115
1107
1103
1095
1091
3135
1803
1799
1795
1127
1044
1065
1034
1123
1119
1040
1025
1030
1115
1107
1036
1057
1078
1099
1060
1095
1100
1053
1108
1074
1080
1091
1049
1087
3118
0
1111
1803
1799
1795
1068
1049
1042
1127
1123
1119
1024
1045
1038
1115
1107
1077
1060
1095
1034
1101
1091
1087
1056
1065
1030
0
0
1081
1052
1097
3122
0
0
0
1079
1040
1033
1066
1071
1024
1111
1081
1038
1060
1107
1803
1029
1048
1058
1799
1795
1044
1073
1054
1127
1123
1119
1115
1103
1099
1095
1091
3135
0
0
0
1099
1056
1081
1050
1079
0
1052
1037
1107
1046
1111
1040
1073
1803
1799
1068
1026
1033
1795
1060
1127
1123
1029
1066
1119
1115
1103
1095
1091
3135
0
1111
1803
1799
1795
1024
1049
1042
1127
1123
1119
1064
1045
1038
1115
1099
1073
1060
1095
1034
1101
1091
1087
1056
1069
1078
0
0
1081
1052
1105
3078
0
0
0
1063
0
0
1032
1049
1030
1079
0
0
1064
1071
1045
1026
1099
0
1100
1111
0
1041
1058
1107
1072
1803
1799
1795
1037
1054
1080
1127
1123
1119
1115
1095
1091
3135
0
0
0
1031
1040
1033
1802
1115
0
1036
1025
1075
0
1062
1064
1049
1079
1799
1056
1127
1045
1794
1052
1119
1111
1081
1120
1107
1070
1103
1099
1095
1091
3135
0
0
0
1075
0
1036
1049
1802
1115
0
0
1060
1045
1031
0
1070
1099
1032
1081
1067
0
1056
1103
1794
1077
1052
1799
1127
1119
1120
1041
1026
1111
1107
1095
1091
3135
0
0
0
0
0
0
0
1040
1025
1802
1079
0
0
0
1123
1036
1057
1074
1115
0
1099
0
1107
1032
1053
1794
1063
1799
1127
1119
1111
1028
1049
1070
1103
1095
1091
1087
0
1080
1045
3114
0
0
0
1115
1052
1033
1107
1802
1103
1048
1081
1079
0
1075
1044
1029
1794
1799
1127
1040
1025
1119
1111
1062
1036
1065
1099
1095
1120
1091
1057
1070
3135
0
0
0
0
0
0
0
1068
1033
1050
1803
1064
0
0
0
1100
0
1029
1046
1120
1059
0
0
1060
0
0
1025
1112
1042
1795
0
1072
0
1104
1081
1096
1796
1124
1116
1108
1092
1088
1084
1077
1038
3103
0
0
0
1031
0
1040
1033
1062
1115
0
0
1036
1025
1075
0
1070
1111
1064
1049
1099
0
1056
1802
1079
1045
1052
1799
1127
1119
1120
1081
1794
1107
1103
1095
1091
3135
0
0
0
1031
0
1068
1049
1802
1115
0
0
1064
1045
1075
0
1062
1111
1032
1041
1083
0
1056
1103
1794
1077
1052
1799
1127
1119
1120
1037
1026
1107
1099
1095
1091
3135
0
0
0
1103
0
0
1048
1025
1802
1067
0
1053
0
1044
1059
1029
1099
1794
1111
1121
1040
1799
1127
1081
1119
1062
1107
1036
1113
1095
1091
1087
1077
1070
1032
0
3121
0
0
0
0
0
0
0
1040
1061
1802
1079
0
0
0
1123
1036
1057
1074
1115
0
1111
0
1107
1032
1053
1794
1071
1799
1127
1119
1103
1028
1049
1026
1099
1095
1091
1087
0
1080
1045
3114
0
0
0
0
0
0
0
1028
1041
1050
1067
1068
0
0
0
1060
1801
0
1082
1120
1039
0
0
1096
1057
0
0
1112
1046
1035
0
1076
1793
1104
0
1108
1796
1124
1116
1100
1092
1088
1084
1053
1074
3075
0
0
0
0
0
0
0
1064
1033
1050
1803
1072
0
0
0
1100
0
1029
1046
1120
1059
0
0
1068
0
0
1025
1112
1042
1795
0
1080
0
1104
1061
1108
1796
1124
1116
1096
1092
1088
1084
1077
1038
3103
0
0
0
0
0
1064
0
0
0
1033
1050
1100
1803
0
0
1076
0
0
0
1068
1029
1046
1059
1120
0
0
0
1060
0
0
1025
1112
1042
1108
1795
1104
1073
1096
1796
1124
1116
1092
1088
1084
1081
1038
3103
0
0
0
1119
1072
1057
1802
1027
0
1040
1053
1067
0
1798
1036
1033
1071
1795
1048
1123
1029
1062
1124
1115
1111
1081
1044
1107
1078
1103
1099
1095
1091
3135
0
0
0
1127
1052
1033
1071
1802
1103
1048
1081
1099
0
1067
1044
1073
1798
1795
1123
1040
1029
1115
1111
1062
1036
1025
1107
1095
1116
1091
1057
1078
3135
0
0
0
0
0
0
0
1040
1025
1802
1079
0
0
0
1119
1036
1057
1798
1127
0
1099
0
1107
1032
1053
1074
1063
1795
1123
1115
1111
1028
1049
1070
1103
1095
1091
1087
0
1080
1045
3114
0
0
0
1119
0
1036
1033
1802
1027
0
0
1060
1029
1067
0
1798
1075
1056
1081
1107
0
1048
1103
1078
1041
1124
1795
1123
1115
1044
1069
1054
1111
1099
1095
1091
3135
0
0
0
0
0
0
0
1068
1033
1050
1803
1064
0
0
0
1124
0
1029
1046
1100
1799
0
0
1116
0
0
1025
1060
1042
1059
0
1072
0
1104
1081
1096
1792
1120
1112
1108
1092
1088
1084
1077
1038
3103
0
0
0
0
0
0
0
1040
1061
1802
1027
0
0
0
1119
1036
1057
1798
1127
0
1111
0
1099
1032
1053
1074
1079
1795
1123
1115
1107
1028
1049
1070
1103
1095
1091
1087
0
1080
1045
3114
0
0
0
1119
0
1068
1033
1802
1027
0
0
1036
1029
1067
0
1798
1111
1056
1041
1083
0
1048
1103
1062
1077
1124
1795
1123
1115
1044
1073
1054
1107
1099
1095
1091
3135
0
0
0
0
0
0
0
1072
1033
1050
1803
1076
0
0
0
1124
0
1029
1046
1100
1799
0
0
1116
0
0
1025
1064
1042
1059
0
1080
0
1096
1069
1108
1792
1120
1112
1104
1092
1088
1084
1061
1038
3103
0
0
0
1119
0
1072
1057
1062
1027
0
0
1040
1053
1067
0
1078
1111
1036
1033
1107
0
1048
1802
1071
1029
1124
1795
1123
1115
1044
1081
1798
1103
1099
1095
1091
3135
0
0
0
1063
0
0
0
1119
1048
1029
1802
1099
0
0
0
1079
0
1044
1065
1798
1107
0
1111
1795
1123
1115
1040
1025
1082
1103
1095
1091
1087
0
0
1036
1057
1034
0
1068
0
0
0
1124
0
1053
3122
0
0
0
1103
0
0
1032
1053
1802
1067
0
1045
0
1028
1051
1125
1107
1798
1111
1025
1040
1795
1123
1117
1115
1062
1099
1036
1081
1095
1091
1087
1073
1078
1056
0
3117
0
0
0
0
0
1064
0
0
0
1033
1050
1100
1803
0
0
1076
0
0
0
1124
1029
1046
1799
1068
0
0
0
1116
0
0
1025
1060
1042
1108
1059
1104
1073
1096
1792
1120
1112
1092
1088
1084
1081
1038
3103
0
0
0
1048
1083
0
1061
1044
1802
1075
0
1040
0
1069
1067
1036
1798
1125
1059
1032
0
1121
1055
1028
1794
1117
1111
1024
1107
1113
1103
1078
1099
1095
1091
3135
0
0
0
1120
1043
1077
0
1116
1802
1039
0
1112
1061
1035
0
1072
1798
1025
1083
1028
1099
0
1049
1056
1794
1067
0
1052
1045
1103
1111
1070
1125
1107
1095
1091
3135
0
0
0
1118
0
0
0
1052
1801
1114
1795
0
0
1034
0
1048
1045
1042
0
0
1799
1038
1072
0
1025
1082
0
1098
0
1064
1106
1071
1029
1124
1062
1110
1102
1120
1094
1090
1057
1086
3127
0
0
0
1120
1043
1061
0
1116
1802
1039
0
1112
1069
1035
0
1024
1794
1053
1083
1064
1075
0
1029
1048
1798
1107
0
1044
1057
1103
1111
1078
1125
1099
1095
1091
3135
0
0
0
1112
0
0
0
1072
1057
1050
1795
1064
0
0
0
1100
1077
0
1046
1060
0
1799
0
1040
1069
0
0
1036
1125
1026
1803
1032
1121
0
0
1080
1117
1096
1030
1104
1108
1092
1088
1084
3103
0
0
0
1118
0
0
0
1024
1797
1114
1803
0
0
1074
0
1048
1045
1058
0
0
1795
1054
1064
0
1041
1030
0
1110
0
1080
1098
1063
1037
1124
1078
1106
1102
1120
1094
1090
1033
1086
3119
0
0
0
1120
1051
1077
0
1116
1794
1047
0
1112
1069
1031
0
1072
1798
1041
1027
1064
1111
0
1037
1056
1802
1083
0
1052
1033
1103
1107
1062
1125
1099
1095
1091
3135
0
0
0
1112
0
0
0
1076
1033
1050
1803
1072
0
0
0
1100
1069
0
1046
1064
0
1795
0
1056
1061
0
0
1052
1125
1042
1799
1028
1121
0
0
1080
1117
1108
1038
1096
1104
1092
1088
1084
3075
0
0
0
1118
0
0
0
1052
1793
1114
1803
0
0
1066
0
1032
1029
1050
0
0
1799
1046
1072
0
1041
1026
0
1110
0
1080
1106
1063
1037
1124
1070
1102
1098
1120
1094
1090
1057
1086
3127
0
0
0
1114
0
0
0
1078
1040
0
1801
1070
1047
0
0
1062
0
1056
0
1098
0
1797
1110
1027
1106
1064
1102
1094
1090
1086
0
0
1033
1072
1039
0
0
0
0
0
1080
0
0
1053
1124
1051
0
0
1120
0
0
0
1116
0
1029
3843
0
0
0
1112
0
0
0
1072
1057
1034
1803
1068
0
0
0
1100
1077
0
1030
1064
0
1799
0
1048
1061
0
0
1044
1125
1042
1795
1024
1121
0
0
1080
1117
1108
1038
1104
1096
1092
1088
1084
3103
0
0
0
0
0
1100
0
0
0
0
1057
1072
1030
1027
0
1124
0
0
0
1120
1801
0
0
1116
1046
1039
0
1112
0
1797
0
1076
0
0
0
1068
1050
1035
1793
1060
0
1108
0
1104
1081
1096
1092
1088
1084
1042
1065
3103
0
0
0
0
0
0
0
0
0
0
0
0
0
0
0
0
0
0
0
0
0
0
0
0
0
0
0
0
0
0
0
0
0
0
0
0
0
0
0
0
0
0
0
0
0
0
0
0
0
0
0
0
0
0
0
0
0
0
0
0
0
0
0
0
0
0
0
0
0
0
0
0
0
0
0
0
0
0
0
0
0
0
0
0
0
0
0
0
0
0
0
0
0
0
0
0
0
0
0
0
0
0
0
0
0
0
0
0
0
0
0
0
0
0
0
0
0
0
0
0
0
0
0
0
0
0
0
0
0
0
0
0
0
0
0
0
0
0
0
0
0
0
0
0
0
0
0
0
0
0
0
0
0
0
0
0
0
0
0
0
0
0
0
0
0
0
0
0
0
0
0
0
0
0
0
0
0
0
0
0
0
0
0
0
0
0
0
0
0
0
0
0
0
0
0
0
0
0
0
0
0
0
0
0
0
0
0
0
0
0
0
0
0
0
0
0
0
0
0
0
0
0
0
0
0
0
0
0
0
0
0
0
0
0
0
0
0
0
0
0
0
0
0
0
0
0
0
0
0
0
0
0
0
0
0
0
0
0
0
0
0
0
0
0
0
0
0
0
0
0
0
0
0
0
0
0
0
0
0
0
0
0
0
0
0
0
0
0
0
0
0
0
0
0
0
0
0
0
0
0
0
0
0
0
0
0
0
0
0
0
0
0
0
0
0
0
0
0
0
0
0
0
0
0
0
0
0
0
0
0
0
0
0
0
0
0
0
0
0
0
0
0
0
0
0
0
0
0
0
0
0
0
0
0
0
0
0
0
0
0
0
0
0
0
0
0
0
0
0
0
0
0
0
0
0
0
0
0
0
0
0
0
0
0
0
0
0
0
0
0
0
0
0
0
0
0
0
0
0
0
0
0
0
0
0
0
0
0
0
0
0
0
0
0
0
0
0
0
0
0
0
0
0
0
0
0
0
0
0
0
0
0
0
0
0
0
0
0
0
0
0
0
0
0
0
0
0
0
0
0
0
0
0
0
0
0
0
0
0
0
0
0
0
0
0
0
0
0
0
0
0
0
0
0
0
0
0
0
0
0
0
0
0
0
0
0
0
0
0
0
0
0
0
0
0
0
0
0
0
0
0
0
0
0
0
0
0
0
0
0
0
0
0
0
0
0
0
0
0
0
0
0
0
0
0
0
0
0
0
0
0
0
0
0
0
0
0
0
0
0
0
0
0
0
0
0
0
0
0
0
0
0
0
0
0
0
0
0
0
0
0
0
0
0
0
0
0
0
0
0
0
0
0
0
0
0
0
0
0
0
0
0
0
0
0
0
0
0
0
0
0
0
0
0
0
0
0
0
0
0
0
0
0
0
0
0
0
0
0
0
0
0
0
0
0
0
0
0
0
0
0
0
0
0
0
0
0
0
0
0
0
0
0
0
0
0
0
0
0
0
0
0
0
0
0
0
0
0
0
0
0
0
0
0
0
0
0
0
0
0
0
0
0
0
0
0
0
0
0
0
0
0
0
0
0
0
0
0
0
0
0
0
0
0
0
0
0
0
0
0
0
0
0
0
0
0
0
0
0
0
0
0
0
0
0
0
0
0
0
0
0
0
0
0
0
0
0
0
0
0
0
0
0
0
0
0
0
0
0
0
0
0
0
0
0
0
0
0
0
0
0
0
0
0
0
0
0
0
0
0
0
0
0
0
0
0
0
0
0
0
0
0
0
0
0
0
0
0
0
0
0
0
0
0
0
0
0
0
0
0
0
0
0
0
0
0
0
0
0
0
0
0
0
0
0
0
0
0
0
0
0
0
0
0
0
0
0
0
0
0
0
0
0
0
0
0
0
0
0
0
0
0
0
0
0
0
0
0
0
0
0
0
0
0
0
0
0
0
0
0
0
0
0
0
0
0
0
0
0
0
0
0
0
0
0
0
0
0
0
0
0
0
0
0
0
0
0
0
0
0
0
0
0
0
0
0
0
0
0
0
0
0
0
0
0
0
0
0
0
0
0
0
0
0
0
0
0
0
0
0
0
0
0
0
0
0
0
0
0
0
0
0
0
0
0
0
0
0
0
0
0
0
0
0
0
0
0
0
0
0
0
0
0
0
0
0
0
0
0
0
0
0
0
0
0
0
0
0
0
0
0
0
0
0
0
0
0
0
0
0
0
0
0
0
0
0
0
0
0
0
0
0
0
0
0
0
0
0
0
0
0
0
0
0
0
0
0
0
0
0
0
0
0
0
0
0
0
0
0
0
0
0
0
0
0
0
0
0
0
0
0
0
0
0
0
0
0
0
0
0
0
0
0
0
0
0
0
0
0
0
0
0
0
0
0
0
0
0
0
0
0
0
0
0
0
0
0
0
0
0
0
0
0
0
0
0
0
0
0
0
0
0
0
0
0
0
0
0
0
0
0
0
0
0
0
0
0
0
0
0
0
0
0
0
0
0
0
0
0
0
0
0
0
0
0
0
0
0
0
0
0
0
0
0
0
0
0
0
0
0
0
0
0
0
0
0
0
0
0
0
0
0
0
0
0
0
0
0
0
0
0
0
0
0
0
0
0
0
0
0
0
0
0
0
0
0
0
0
0
0
0
0
0
0
0
0
0
0
0
0
0
0
0
0
0
0
0
0
0
0
0
0
0
0
0
0
0
0
0
0
0
0
0
0
0
0
0
0
0
0
0
0
0
0
0
0
0
0
0
0
0
0
0
0
0
0
0
0
0
0
0
0
0
0
0
0
0
0
0
0
0
0
0
0
0
0
0
0
0
0
0
0
0
0
0
0
0
0
0
0
0
0
0
0
0
0
0
0
0
0
0
0
0
0
0
0
0
0
0
0
0
0
0
0
0
0
0
0
0
0
0
0
0
0
0
0
0
0
0
0
0
0
0
0
0
0
0
0
0
0
0
0
0
0
0
0
0
0
0
0
0
0
0
0
0
0
0
0
0
0
0
0
0
0
0
0
0
0
0
0
0
0
0
0
0
0
0
0
0
0
0
0
0
0
0
0
0
0
0
0
0
0
0
0
0
0
0
0
0
0
0
0
0
0
0
0
0
0
0
0
0
0
0
0
0
0
0
0
0
0
0
0
0
0
0
0
0
0
0
0
0
0
0
0
0
0
0
0
0
0
0
0
0
0
0
0
0
0
0
0
0
0
0
0
0
0
0
0
0
0
0
0
0
0
0
0
0
0
0
0
0
0
0
0
0
0
0
0
0
0
0
0
0
0
0
0
0
0
0
0
0
0
0
0
0
0
0
0
0
0
0
0
0
0
0
0
0
0
0
0
0
0
0
0
0
0
0
0
0
0
0
0
0
0
0
0
0
0
0
0
0
0
0
0
0
0
0
0
0
0
0
0
0
0
0
0
0
0
0
0
0
0
0
0
0
0
0
0
0
0
0
0
0
0
0
0
0
0
0
0
0
0
0
0
0
0
0
0
0
0
0
0
0
0
0
0
0
0
0
0
0
0
0
0
0
0
0
0
0
0
0
0
0
0
0
0
0
0
0
0
0
0
0
0
0
0
0
0
0
0
0
0
0
0
0
0
0
0
0
0
0
0
0
0
0
0
0
0
0
0
0
0
0
0
0
0
0
0
0
0
0
0
0
0
0
0
0
0
0
0
0
0
0
0
0
0
0
0
0
0
0
0
0
0
0
0
0
0
0
0
0
0
0
0
0
0
0
0
0
0
0
0
0
0
0
0
0
0
0
0
0
0
0
0
0
0
0
0
0
0
0
0
0
0
0
0
0
0
0
0
0
0
0
0
0
0
0
0
0
0
0
0
0
0
0
0
0
0
0
0
0
0
0
0
0
0
0
0
0
0
0
0
0
0
0
0
0
0
0
0
0
0
0
0
0
0
0
0
0
0
0
0
0
0
0
0
0
0
0
0
0
0
0
0
0
0
0
0
0
0
0
0
0
0
0
0
0
0
0
0
0
0
0
0
0
0
0
0
0
0
0
0
0
0
0
0
0
0
0
0
0
0
0
0
0
0
0
0
0
0
0
0
0
0
0
0
0
0
0
0
0
0
0
0
0
0
0
0
0
0
0
0
0
0
0
0
0
0
0
0
0
0
0
0
0
0
0
0
0
0
0
0
0
0
0
0
0
0
0
0
0
0
0
0
0
0
0
0
0
0
0
0
0
0
0
0
0
0
0
0
0
0
0
0
0
0
0
0
0
0
0
0
0
0
0
0
0
0
0
0
0
0
0
0
0
0
0
0
0
0
0
0
0
0
0
0
0
0
0
0
0
0
0
0
0
0
0
0
0
0
0
0
0
0
0
0
0
0
0
0
0
0
0
0
0
0
0
0
0
0
0
0
0
0
0
0
0
0
0
0
0
0
0
0
0
0
0
0
0
0
0
0
0
0
0
0
0
0
0
0
0
0
0
0
0
0
0
0
0
0
0
0
0
0
0
0
0
0
0
0
0
0
0
0
0
0
0
0
0
0
0
0
0
0
0
0
0
0
0
0
0
0
0
0
0
0
0
0
0
0
0
0
0
0
0
0
0
0
0
0
0
0
0
0
0
0
0
0
0
0
0
0
0
0
0
0
0
0
0
0
0
0
0
0
0
0
0
0
0
0
0
0
0
0
0
0
0
0
0
0
0
0
0
0
0
0
0
0
0
0
0
0
0
0
0
0
0
0
0
0
0
0
0
0
0
0
0
0
0
0
0
0
0
0
0
0
0
0
0
0
0
0
0
0
0
0
0
0
0
0
0
0
0
0
0
0
0
0
0
0
0
0
0
0
0
0
0
0
0
0
0
0
0
0
0
0
0
0
0
0
0
0
0
0
0
0
0
0
0
0
0
0
0
0
0
0
0
0
0
0
0
0
0
0
0
0
0
0
0
0
0
0
0
0
0
0
0
0
0
0
0
0
0
0
0
0
0
0
0
0
0
0
0
0
0
0
0
0
0
0
0
0
0
0
0
0
0
0
0
0
0
0
0
0
0
0
0
0
0
0
0
0
0
0
0
0
0
0
0
0
0
0
0
0
0
0
0
0
0
