int
2119
2100
2115
2084
2065
2092
2152
2148
2144
2140
2136
2132
2128
2124
2120
2053
3842
2111
2061
2107
2099
2049
3846
2077
2091
2083
3850
2075
2071
6155
0
2087
0
2103
0
2060
2073
3850
2059
0
2095
2048
2079
2065
3846
2155
2151
2136
2147
2069
2143
3842
2135
2052
2131
2105
2127
2123
2119
2115
2111
2099
2091
6179
0
2079
0
2103
2052
2057
3842
2155
2151
2060
2147
2065
3850
2139
2140
2135
2084
2049
2092
3846
2131
2127
2113
2123
2119
2111
2107
2099
2091
2083
2075
6167
0
0
0
0
0
2063
2112
2065
3850
0
0
2055
0
2140
2079
2073
3846
2103
0
2087
2136
2095
2069
2155
3842
2151
2048
2147
2135
2105
2131
2127
2058
2123
2119
2111
2099
2091
6179
2123
2119
2115
2111
2099
2091
2104
2053
3850
2083
2065
2059
0
2068
2061
3846
2085
0
2093
0
2048
2077
3842
2101
2153
2149
2145
2136
2141
2133
2129
2125
6170
0
0
2075
2110
2087
2064
2095
3841
2118
2128
2079
2050
2103
2148
3845
2062
2155
2144
2058
2143
3849
2124
2054
2139
2135
2123
2115
2107
2099
2091
2083
6167
0
0
0
0
2119
2138
0
0
2064
3849
2131
2054
0
2059
2068
2079
2126
2103
3845
2087
2104
2150
2095
2155
2143
2135
2060
3841
2146
2123
2115
2099
2048
2110
2091
2083
6169
0
0
0
0
0
0
0
0
2064
2073
2114
3843
0
0
0
0
0
2128
2149
2110
0
2051
0
0
0
0
2124
2145
2058
0
2078
3851
2102
0
2086
2060
2141
2094
2154
2138
2134
2122
2106
2098
2116
2053
2090
2082
2070
7943
0
0
0
0
0
0
2112
2057
2106
3847
0
0
0
2140
0
2065
2062
3843
2078
0
2136
2102
0
2073
2086
2055
2094
2068
2154
2150
3849
2146
2134
2130
2126
2122
2118
2110
2098
2090
2082
6147
0
0
0
0
0
0
0
0
0
0
2116
2141
3850
2067
0
0
0
0
0
0
0
2112
2137
3846
2063
0
2087
0
2095
0
2079
0
2108
2053
3842
2103
2155
2135
2123
2099
2091
2083
0
2104
2129
2058
0
0
0
0
0
0
0
0
2072
2125
2150
0
0
0
0
0
0
0
0
2068
2049
6242
0
0
2051
0
2087
3848
2109
3842
2095
0
2079
2064
2103
2145
2134
2151
2143
2056
2139
2131
2060
2125
3846
2052
2119
2115
2072
2107
2121
2154
2099
2091
2083
6167
0
0
0
0
0
0
0
0
0
2124
2145
3850
2107
0
0
0
0
0
0
2120
2069
3846
2055
0
0
0
2075
0
2079
2060
2137
3842
2103
0
2087
0
2095
2151
2143
2056
2133
2154
2131
2119
2115
2099
2091
2083
0
2108
2065
6146
0
2079
2155
2151
2068
2053
3842
2056
2147
2084
2113
2100
3850
2048
2139
2092
2061
3846
2135
2131
2127
2141
2123
2119
2111
2107
2099
2091
2083
2075
6163
0
0
0
0
2140
2055
0
2057
3842
2108
2075
0
2079
2049
2132
2103
3850
2087
2153
2060
2095
2151
2139
2113
2124
3846
2131
2119
2145
2120
2107
2099
2091
2066
2083
6167
0
0
0
0
0
0
0
0
0
0
2048
2141
3850
2067
0
0
0
0
0
0
0
2112
2137
3846
2063
0
2087
0
2095
0
2079
0
2108
2133
3842
2103
2151
2131
2119
2099
2091
2083
0
2104
2053
2154
0
0
0
0
0
0
0
0
2072
2125
2058
0
0
0
0
0
0
0
0
2068
2121
6242
0
2095
0
2079
0
3848
2149
3842
2103
2147
2143
2064
2139
2129
2048
2134
2127
2060
2115
2111
2056
2117
3846
2052
2107
2099
2072
2091
2084
2121
2154
2083
6167
0
0
0
0
0
0
0
0
0
2048
2073
3850
2107
0
0
0
0
0
0
2120
2069
3846
2055
0
0
0
0
0
0
2116
2137
3842
2067
0
2079
0
2103
0
2087
2060
2133
2154
2095
2147
2143
2127
2115
2111
2099
2056
2129
2150
2091
6179
0
0
0
0
0
0
0
0
2132
2153
2114
3843
0
0
0
0
0
2128
2149
2062
0
2051
0
2066
0
2078
2052
2073
2102
0
2086
3851
2094
2146
2138
2120
2141
2126
2110
2106
2098
2090
2082
2070
2116
2057
7943
0
0
0
0
0
0
0
0
0
0
2116
2141
3850
2067
0
0
0
0
0
0
0
2112
2137
3846
2063
0
2087
0
2095
0
2079
0
2048
2133
3842
2103
2147
2127
2111
2099
2091
2083
0
2104
2129
2154
0
0
0
0
0
0
0
0
2072
2053
2150
0
0
0
0
0
0
0
0
2068
2121
6154
0
0
2075
0
0
3848
2051
2149
2122
2063
0
2064
2059
0
2103
2129
2144
2134
2087
0
2095
2124
2079
2117
2143
3842
2108
2139
2115
2052
3845
2107
2099
2154
2091
2083
6167
0
0
0
0
0
0
0
0
0
0
2060
2053
2146
2127
0
0
0
0
0
0
0
2136
2073
3850
0
2111
0
0
0
0
0
0
2132
2069
3846
0
0
2119
0
0
0
0
0
2120
2065
3842
0
2057
0
2093
2131
2077
0
2101
2048
2085
2141
2113
2097
2089
2081
2154
2151
0
0
6200
0
0
0
0
0
0
0
0
0
2112
2149
2146
2135
0
0
0
0
0
0
2056
2141
0
2122
2051
0
0
0
0
0
2052
2061
0
0
2110
3843
0
0
0
0
2064
2129
0
2072
3850
2092
2155
2076
0
2100
0
2084
2136
2104
2096
2088
2080
2068
2117
3846
6223
0
0
0
0
0
0
0
0
0
0
2127
0
2116
2141
2054
0
0
0
0
0
0
2111
0
0
0
2112
2137
3846
0
0
0
0
2051
0
0
0
0
2056
0
2133
3842
0
0
2067
0
0
0
0
0
2072
0
0
2129
2154
2063
0
2103
0
2087
0
3848
2095
0
2079
2099
2069
2150
2091
2083
0
0
2144
0
0
0
0
0
0
2121
6202
0
0
0
0
0
0
0
0
0
0
0
0
0
0
0
0
0
0
0
0
0
0
0
0
0
0
0
0
0
0
0
0
0
0
0
0
0
0
0
0
0
0
0
0
0
0
0
0
0
0
0
0
0
0
0
0
0
0
0
0
0
0
0
0
0
0
0
0
0
0
0
0
0
0
0
0
0
0
0
0
0
0
0
0
0
0
0
0
0
0
0
0
0
0
0
0
0
0
0
0
0
0
0
0
0
0
0
0
0
0
0
0
0
0
0
0
0
0
0
0
0
0
0
0
0
0
0
0
0
0
0
0
0
0
0
0
0
0
0
0
0
0
0
0
0
0
0
0
0
0
0
0
0
0
0
0
0
0
0
0
0
0
0
0
0
0
0
0
0
0
0
0
0
0
0
0
0
0
0
0
0
0
0
0
0
0
0
0
0
0
0
0
0
0
0
0
0
0
0
0
0
0
0
0
0
0
0
0
0
0
0
0
0
0
0
0
0
0
0
0
0
0
0
0
0
0
0
0
0
0
0
0
0
0
0
0
0
0
0
0
0
0
0
0
0
0
0
0
0
0
0
0
0
0
0
0
0
0
0
0
0
0
0
0
0
0
0
0
0
0
0
0
0
0
0
0
0
0
0
0
0
0
0
0
0
0
0
0
0
0
0
0
0
0
0
0
0
0
0
0
0
0
0
0
0
0
0
0
0
0
0
0
0
0
0
0
0
0
0
0
0
0
0
0
0
0
0
0
0
0
0
0
0
0
0
0
0
0
0
0
0
0
0
0
0
0
0
0
0
0
0
0
0
0
0
0
0
0
0
0
0
0
0
0
0
0
0
0
0
0
0
0
0
0
0
0
0
0
0
0
0
0
0
0
0
0
0
0
0
0
0
0
0
0
0
0
0
0
0
0
0
0
0
0
0
0
0
0
0
0
0
0
0
0
0
0
0
0
0
0
0
0
0
0
0
0
0
0
0
0
0
0
0
0
0
0
0
0
0
0
0
0
0
0
0
0
0
0
0
0
0
0
0
0
0
0
0
0
0
0
0
0
0
0
0
0
0
0
0
0
0
0
0
0
0
0
0
0
0
0
0
0
0
0
0
0
0
0
0
0
0
0
0
0
0
0
0
0
0
0
0
0
0
0
0
0
0
0
0
0
0
0
0
0
0
0
0
0
0
0
0
0
0
0
0
0
0
0
0
0
0
0
0
0
0
0
0
0
0
0
0
0
0
0
0
0
0
0
0
0
0
0
0
0
0
0
0
0
0
0
0
0
0
0
0
0
0
0
0
0
0
0
0
0
0
0
0
0
0
0
0
0
0
0
0
0
0
0
0
0
0
0
0
0
0
0
0
0
0
0
0
0
0
0
0
0
0
0
0
0
0
0
0
0
0
0
0
0
0
0
0
0
0
0
0
0
0
0
0
0
0
0
0
0
0
0
0
0
0
0
0
0
0
0
0
0
0
0
0
0
0
0
0
0
0
0
0
0
0
0
0
0
0
0
0
0
0
0
0
0
0
0
0
0
0
0
0
0
0
0
0
0
0
0
0
0
0
0
0
0
0
0
0
0
0
0
0
0
0
0
0
0
0
0
0
0
0
0
0
0
0
0
0
0
0
0
0
0
0
0
0
0
0
0
0
0
0
0
0
0
0
0
0
0
0
0
0
0
0
0
0
0
0
0
0
0
0
0
0
0
0
0
0
0
0
0
0
0
0
0
0
0
0
0
0
0
0
0
0
0
0
0
0
0
0
0
0
0
0
0
0
0
0
0
0
0
0
0
0
0
0
0
0
0
0
0
0
0
0
0
0
0
0
0
0
0
0
0
0
0
0
0
0
0
0
0
0
0
0
0
0
0
0
0
0
0
0
0
0
0
0
0
0
0
0
0
0
0
0
0
0
0
0
0
0
0
0
0
0
0
0
0
0
0
0
0
0
0
0
0
0
0
0
0
0
0
0
0
0
0
0
0
0
0
0
0
0
0
0
0
0
0
0
0
0
0
0
0
0
0
0
0
0
0
0
0
0
0
0
0
0
0
0
0
0
0
0
0
0
0
0
0
0
0
0
0
0
0
0
0
0
0
0
0
0
0
0
0
0
0
0
0
0
0
0
0
0
0
0
0
0
0
0
0
0
0
0
0
0
0
0
0
0
0
0
0
0
0
0
0
0
0
0
0
0
0
0
0
0
0
0
0
0
0
0
0
0
0
0
0
0
0
0
0
0
0
0
0
0
0
0
0
0
0
0
0
0
0
0
0
0
0
0
0
0
0
0
0
0
0
0
0
0
0
0
0
0
0
0
0
0
0
0
0
0
0
0
0
0
0
0
0
0
0
0
0
0
0
0
0
0
0
0
0
0
0
0
0
0
0
0
0
0
0
0
0
0
0
0
0
0
0
0
0
0
0
0
0
0
0
0
0
0
0
0
0
0
0
0
0
0
0
0
0
0
0
0
0
0
0
0
0
0
0
0
0
0
0
0
0
0
0
0
0
0
0
0
0
0
0
0
0
0
0
0
0
0
0
0
0
0
0
0
0
0
0
0
0
0
0
0
0
0
0
0
0
0
0
0
0
0
0
0
0
0
0
0
0
0
0
0
0
0
0
0
0
0
0
0
0
0
0
0
0
0
0
0
0
0
0
0
0
0
0
0
0
0
0
0
0
0
0
0
0
0
0
0
0
0
0
0
0
0
0
0
0
0
0
0
0
0
0
0
0
0
0
0
0
0
0
0
0
0
0
0
0
0
0
0
0
0
0
0
0
0
0
0
0
0
0
0
0
0
0
0
0
0
0
0
0
0
0
0
0
0
0
0
0
0
0
0
0
0
0
0
0
0
0
0
0
0
0
0
0
0
0
0
0
0
0
0
0
0
0
0
0
0
0
0
0
0
0
0
0
0
0
0
0
0
0
0
0
0
0
0
0
0
0
0
0
0
0
0
0
0
0
0
0
0
0
0
0
0
0
0
0
0
0
0
0
0
0
0
0
0
0
0
0
0
0
0
0
0
0
0
0
0
0
0
0
0
0
0
0
0
0
0
0
0
0
0
0
0
0
0
0
0
0
0
0
0
0
0
0
0
0
0
0
0
0
0
0
0
0
0
0
0
0
0
0
0
0
0
0
0
0
0
0
0
0
0
0
0
0
0
0
0
0
0
0
0
0
0
0
0
0
0
0
0
0
0
0
0
0
0
0
0
0
0
0
0
0
0
0
0
0
0
0
0
0
0
0
0
0
0
0
0
0
0
0
0
0
0
0
0
0
0
0
0
0
0
0
0
0
0
0
0
0
0
0
0
0
0
0
0
0
0
0
0
0
0
0
0
0
0
0
0
0
0
0
0
0
0
0
0
0
0
0
0
0
0
0
0
0
0
0
0
0
0
0
0
0
0
0
0
0
0
0
0
0
0
0
0
0
0
0
0
0
0
0
0
0
0
0
0
0
0
0
0
0
0
0
0
0
0
0
0
0
0
0
0
0
0
0
0
0
0
0
0
0
0
0
0
0
0
0
0
0
0
0
0
0
0
0
0
0
0
0
0
0
0
0
0
0
0
0
0
0
0
0
0
0
0
0
0
0
0
0
0
0
0
0
0
0
0
0
0
0
0
0
0
0
0
0
0
0
0
0
0
0
0
0
0
0
0
0
0
0
0
0
0
0
0
0
0
0
0
0
0
0
0
0
0
0
0
0
0
0
0
0
0
0
0
0
0
0
0
0
0
0
0
0
0
0
0
0
0
0
0
0
0
0
0
0
0
0
0
0
0
0
0
0
0
0
0
0
0
0
0
0
0
0
0
0
0
0
0
0
0
0
0
0
0
0
0
0
0
0
0
0
0
0
0
0
0
0
0
0
0
0
0
0
0
0
0
0
0
0
0
0
0
0
0
0
0
0
0
0
0
0
0
0
0
0
0
0
0
0
0
0
0
0
0
0
0
0
0
0
0
0
0
0
0
0
0
0
0
0
0
0
0
0
0
0
0
0
0
0
0
0
0
0
0
0
0
0
0
0
0
0
0
0
0
0
0
0
0
0
0
0
0
0
0
0
0
0
0
0
0
0
0
0
0
0
0
0
0
0
0
0
0
0
0
0
0
0
0
0
0
0
0
0
0
0
0
0
0
0
0
0
0
0
0
0
0
0
0
0
0
0
0
0
0
0
0
0
0
0
0
0
0
0
0
0
0
0
0
0
0
0
0
0
0
0
0
0
0
0
0
0
0
0
0
0
0
0
0
0
0
0
0
0
0
0
0
0
0
0
0
0
0
0
0
0
0
0
0
0
0
0
0
0
0
0
0
0
0
0
0
0
0
0
0
0
0
0
0
0
0
0
0
0
0
0
0
0
0
0
0
0
0
0
0
0
0
0
0
0
0
0
0
0
0
0
0
0
0
0
0
0
0
0
0
0
0
0
0
0
0
0
0
0
0
0
0
0
0
0
0
0
0
0
0
0
0
0
0
0
0
0
0
0
0
0
0
0
0
0
0
0
0
0
0
0
0
0
0
0
0
0
0
0
0
0
0
0
0
0
0
0
0
0
0
0
0
0
0
0
0
0
0
0
0
0
0
0
0
0
0
0
0
0
0
0
0
0
0
0
0
0
0
0
0
0
0
0
0
0
0
0
0
0
0
0
0
0
0
0
0
0
0
0
0
0
0
0
0
0
0
0
0
0
0
0
0
0
0
0
0
0
0
0
0
0
0
0
0
0
0
0
0
0
0
0
0
0
0
0
0
0
0
0
0
0
0
0
0
0
0
0
0
0
0
0
0
0
0
0
0
0
0
0
0
0
0
0
0
0
0
0
0
0
0
0
0
0
0
0
0
0
0
0
0
0
0
0
0
0
0
0
0
0
0
0
0
0
0
0
0
0
0
0
0
0
0
0
0
0
0
0
0
0
0
0
0
0
0
0
0
0
0
0
0
0
0
0
0
0
0
0
0
0
0
0
0
0
0
0
0
0
0
0
0
0
0
0
0
0
0
0
0
0
0
0
0
0
0
0
0
0
0
0
0
0
0
0
0
0
0
0
0
0
0
0
0
0
0
0
0
0
0
0
0
0
0
0
0
0
0
0
0
0
0
0
0
0
0
0
0
0
0
0
0
0
0
0
0
0
0
0
0
0
0
0
0
0
0
0
0
0
0
0
0
0
0
0
0
0
0
0
0
0
0
0
0
0
0
0
0
0
0
0
0
0
0
0
0
0
0
0
0
0
0
0
0
0
0
0
0
0
0
0
0
0
0
0
0
0
0
0
0
0
0
0
0
0
0
0
0
0
0
0
0
0
0
0
0
0
0
0
0
0
0
0
0
0
0
0
0
0
0
0
0
0
0
0
0
0
0
0
0
0
0
0
0
0
0
0
0
0
0
0
0
0
0
0
0
0
0
0
0
0
0
0
0
0
0
0
0
0
0
0
0
0
0
0
0
0
0
0
0
0
0
0
0
0
0
0
0
0
0
0
0
0
0
0
0
0
0
0
0
0
0
0
0
0
0
0
0
0
0
0
0
0
0
0
0
0
0
0
0
0
0
0
0
0
0
0
0
0
0
0
0
0
0
0
0
0
0
0
0
0
0
0
0
0
0
0
0
0
0
0
0
0
0
0
0
0
0
0
0
0
0
0
0
0
0
0
0
0
0
0
0
0
0
0
0
0
0
0
0
0
0
0
0
0
0
0
0
0
0
0
0
0
0
0
0
0
0
0
0
0
0
0
0
0
0
0
0
0
0
0
0
0
0
0
0
0
0
0
0
0
0
0
0
0
0
0
0
0
0
0
0
0
0
0
0
0
0
0
0
0
0
0
0
0
0
0
0
0
0
0
0
0
0
0
0
0
0
0
0
0
0
0
0
0
0
0
0
0
0
0
0
0
0
0
0
0
0
0
0
0
0
0
0
0
0
0
0
0
0
0
0
0
0
0
0
0
0
0
0
0
0
0
0
0
0
0
0
0
0
0
0
0
0
0
0
0
0
0
0
0
0
0
0
0
0
0
0
0
0
0
0
0
0
0
0
0
0
0
0
0
0
0
0
0
0
0
0
0
0
0
0
0
0
0
0
0
0
0
0
0
0
0
0
0
0
0
0
0
0
0
0
0
0
0
0
0
0
0
0
0
0
0
0
0
0
0
0
0
0
0
0
0
0
0
0
0
0
0
0
0
0
0
0
0
0
0
0
0
0
0
0
0
0
0
0
0
0
0
0
0
0
0
0
0
0
0
0
0
0
0
0
0
0
0
0
0
0
0
0
0
0
0
0
0
0
0
0
0
0
0
0
0
0
0
0
0
0
0
0
0
0
0
0
0
0
0
0
0
0
0
0
0
0
0
0
0
0
0
0
0
0
0
0
0
0
0
0
0
0
0
0
0
0
0
0
0
0
0
0
0
0
0
0
0
0
0
0
0
0
0
0
0
0
0
0
0
0
0
0
0
0
0
0
0
0
0
0
0
0
0
0
0
0
0
0
0
0
0
0
0
0
0
0
0
0
0
0
0
0
0
0
0
0
0
0
0
0
0
0
0
0
0
0
0
0
0
0
0
0
0
0
0
0
0
0
0
0
0
0
0
0
0
0
0
0
0
0
0
0
0
0
0
0
0
0
0
0
0
0
0
0
0
0
0
0
0
0
0
0
0
0
0
0
0
0
0
0
0
0
0
0
0
0
0
0
0
0
0
0
0
0
0
0
0
0
0
0
0
0
0
0
0
0
0
0
0
0
0
0
0
0
0
0
0
0
0
0
0
0
0
0
0
0
0
0
0
0
0
0
0
0
0
0
0
0
0
0
0
0
0
0
0
0
0
0
0
0
0
0
0
0
0
0
0
0
0
0
0
0
0
0
