int
0
0
2095
2060
2081
2058
2087
2116
2077
2098
2103
2112
2073
2054
3851
2108
2069
2090
3847
2104
2065
2050
3843
2151
2147
2143
2139
2135
2131
2127
6219
0
0
0
0
2112
2061
2086
2091
0
2108
2057
2082
2095
3851
2104
2053
2078
3847
3843
2100
2125
2074
2151
2147
2096
2121
2070
2143
2139
2048
2117
2066
2135
6227
0
0
0
2067
2112
2073
2098
2063
3851
2108
2069
2094
3847
3843
2104
2129
2090
2151
2147
2100
2049
2086
2143
2056
2139
2121
2082
2116
2135
2127
2053
6174
0
0
0
0
2112
2061
2086
2091
0
2108
2057
2082
2103
3851
2104
2129
2078
3847
3843
2048
2125
2074
2151
2147
2096
2053
2070
2143
2139
2092
2117
2066
2135
6219
0
0
0
0
0
2112
2053
2078
2091
0
0
2108
2049
2074
2087
0
0
2104
2129
2070
2083
3851
3847
2100
2125
2066
3843
2151
2147
2096
2121
2062
2143
2139
2135
2092
2117
6154
0
0
0
2083
2060
2073
2098
2079
3851
2108
2133
2094
3847
3843
2104
2069
2090
2151
2147
2100
2065
2086
2143
2052
2139
2121
2058
2112
2131
2127
2117
6146
0
0
0
0
2112
2061
2050
2091
0
2108
2133
2082
2087
3851
2104
2057
2078
3847
3843
2100
2125
2074
2151
2147
2096
2053
2070
2143
2139
2092
2117
2066
2131
6219
0
0
0
0
0
2112
2057
2082
2091
0
0
2108
2133
2078
2087
0
0
2104
2053
2074
2103
3851
3847
2048
2125
2070
3843
2151
2147
2096
2121
2066
2143
2139
2131
2092
2117
6158
0
0
0
2075
2112
2057
2098
2071
3851
2060
2133
2094
3847
3843
2104
2129
2090
2151
2147
2100
2053
2086
2143
2048
2139
2065
2082
2108
2127
2123
2117
6174
0
0
0
0
2112
2101
2058
2123
0
2096
0
2073
2134
2071
2080
0
0
2093
2130
2076
2051
0
0
2089
2064
2054
2111
0
0
2060
2085
2118
3850
3846
3842
2150
2146
2142
2138
2126
6203
0
0
0
0
0
2112
2053
2078
2091
0
0
2108
2133
2074
2087
0
0
2104
2129
2070
2083
3851
3847
2100
2125
2066
3843
2151
2147
2096
2049
2062
2143
2139
2123
2092
2117
6154
0
0
0
0
0
0
2112
2053
2078
2091
0
0
0
2108
2133
2074
2087
0
0
0
2104
2129
2070
2083
0
0
0
2048
2125
2066
2103
3851
3847
3843
2096
2121
2062
2151
2147
2143
2139
2092
2117
6154
0
0
0
0
2108
2089
2146
3851
2080
0
2057
0
2076
2086
2139
2049
2112
0
2106
0
2052
2073
3843
2066
2096
0
2100
3844
2148
2140
2132
2128
2124
2120
2117
2062
2095
0
0
6165
0
0
0
0
0
2125
2103
3848
2086
0
0
2121
2063
0
2090
2136
2115
2117
0
0
2058
2099
0
3840
2065
2083
2050
0
0
2079
2109
2092
2074
2055
3847
2151
2105
2143
2070
2144
2135
6227
0
0
0
0
0
0
0
2088
2113
2138
3851
0
0
0
0
2084
2109
2054
2067
0
0
0
0
2080
2105
2130
3843
0
0
0
0
2076
2101
2050
2063
0
0
0
0
2072
2097
2122
2147
0
0
0
0
2068
3844
2148
2140
2132
2124
2093
2118
6155
0
0
0
0
2128
2049
0
2146
3851
2124
2097
0
0
0
2052
2089
2086
2139
0
2116
2081
2070
0
0
2112
2077
2066
3843
0
2108
2073
2062
2101
3845
2104
2149
2141
2133
2121
2058
6191
0
0
0
0
0
0
0
0
2104
2049
3850
2079
0
0
0
0
0
2100
2129
2062
2075
0
0
0
0
0
2096
2125
3842
2071
0
0
0
0
0
2092
2121
2058
2067
3847
2151
2143
2135
0
2088
2117
2146
0
0
0
0
0
0
2084
2113
2054
0
0
0
0
0
0
2080
2109
6234
0
0
0
0
0
2102
2136
2085
2071
0
0
2062
2088
0
2123
2093
2114
0
2056
0
2098
2119
3849
0
2048
2082
0
2067
0
2145
2132
2078
0
2111
0
2054
2072
3841
3846
2150
2142
2130
2126
6203
0
0
0
0
0
2125
2103
3848
2086
0
0
2069
2063
0
2090
2136
2115
2117
0
0
2058
2099
0
3840
2065
2083
2050
0
0
2079
2109
2092
2134
2055
3847
2151
2105
2143
2074
2144
2131
6219
0
0
0
0
0
0
2100
2125
3850
2087
0
0
0
2060
2121
0
2059
2138
0
0
2088
2117
0
2051
2096
0
3842
0
2080
2065
2075
0
2076
0
0
2094
2052
2109
2135
0
2112
3844
2148
2140
2128
2105
2146
6167
0
0
0
0
0
0
0
2088
2113
2138
3851
0
0
0
0
2084
2109
2134
2067
0
0
0
0
2080
2105
2130
3843
0
0
0
0
2076
2101
2054
2063
0
0
0
0
2072
2097
2050
2147
0
0
0
0
2068
3844
2148
2140
2124
2120
2093
2118
6155
0
0
0
0
0
0
0
2081
2060
2074
2099
0
0
0
0
2145
0
2108
2134
2095
0
0
0
2077
0
0
2104
2070
2091
0
0
2137
0
0
0
2100
2066
2087
0
2129
0
0
0
3848
0
2122
2059
2053
3845
2149
2141
2112
2125
0
2118
2051
0
0
0
7936
0
0
0
0
0
0
0
0
2104
2133
3850
2079
0
0
0
0
0
2100
2129
2062
2075
0
0
0
0
0
2096
2125
3842
2071
0
0
0
0
0
2092
2049
2058
2067
3847
2151
2143
2123
0
2088
2117
2146
0
0
0
0
0
0
2084
2113
2054
0
0
0
0
0
0
2080
2109
6234
0
0
0
0
0
0
0
0
0
2104
2133
3850
2079
0
0
0
0
0
0
2100
2129
2058
2075
0
0
0
0
0
0
2096
2125
3842
2071
0
0
0
0
0
0
2092
2121
2054
2067
0
0
0
0
0
0
2088
2117
2146
2063
3847
2151
2143
0
0
0
2084
2113
2050
0
0
0
0
0
0
0
2080
2109
6234
0
0
0
0
2052
2061
2102
3851
2072
0
2081
0
2068
2142
3847
2077
2108
0
2106
0
2048
2057
2087
2098
2088
0
2092
3840
2144
2136
2132
2128
2124
2120
2117
2066
2151
0
0
6209
0
0
0
0
2052
2097
0
2102
3851
2124
2049
0
0
0
2120
2089
2142
3847
0
2116
2081
2070
0
0
2112
2077
2066
2087
0
2108
2073
2062
2093
3841
2104
2145
2137
2133
2129
2058
6247
0
0
0
0
0
0
0
2088
2113
2058
3851
0
0
0
0
2084
2109
2054
3847
0
0
0
0
2080
2105
2130
2067
0
0
0
0
2076
2101
2050
2151
0
0
0
0
2072
2097
2122
2063
0
0
0
0
2068
3840
2144
2136
2132
2124
2093
2118
6239
0
0
0
0
0
2125
2099
3848
2142
0
0
2053
2095
0
2062
3844
2111
2117
0
0
2082
2091
0
2084
2113
2075
2078
0
0
2071
2065
2148
2058
2051
3843
2147
2105
2139
2130
2100
2135
6219
0
0
0
0
0
0
0
0
2104
2049
3850
2079
0
0
0
0
0
2100
2129
3846
2075
0
0
0
0
0
2096
2125
2062
2071
0
0
0
0
0
2092
2121
2150
2067
3843
2147
2139
2135
0
2088
2117
2058
0
0
0
0
0
0
2084
2113
2142
0
0
0
0
0
0
2080
2109
6150
0
0
0
0
0
0
0
2088
2113
2058
3851
0
0
0
0
2084
2109
2134
3847
0
0
0
0
2080
2105
2054
2067
0
0
0
0
2076
2101
2050
2151
0
0
0
0
2072
2097
2122
2063
0
0
0
0
2068
3840
2144
2136
2128
2124
2093
2118
6239
0
0
0
0
0
2125
2099
3848
2142
0
0
2053
2095
0
2062
3844
2111
2117
0
0
2082
2091
0
2084
2113
2075
2078
0
0
2071
2065
2148
2134
2051
3843
2147
2105
2139
2058
2100
2131
6219
0
0
0
0
0
0
0
0
2104
2133
3850
2079
0
0
0
0
0
2100
2049
3846
2075
0
0
0
0
0
2096
2125
2062
2071
0
0
0
0
0
2092
2121
2150
2067
3843
2147
2139
2131
0
2088
2117
2058
0
0
0
0
0
0
2084
2113
2142
0
0
0
0
0
0
2080
2109
6150
0
0
0
0
0
2098
2148
2085
2059
0
0
2094
2060
0
2055
2101
2110
0
2080
0
2090
2119
3849
0
2076
2074
0
2115
0
3845
2132
2070
0
2067
0
2050
2128
2141
3842
2146
2138
2126
2122
6203
0
0
0
0
0
0
0
0
2104
2133
3850
2079
0
0
0
0
0
2100
2129
3846
2075
0
0
0
0
0
2096
2049
2062
2071
0
0
0
0
0
2092
2121
2150
2067
3843
2147
2139
2127
0
2088
2117
2058
0
0
0
0
0
0
2084
2113
2142
0
0
0
0
0
0
2080
2109
6150
0
0
0
0
0
0
2096
2125
3850
2143
0
0
0
2092
2053
0
2083
3846
0
0
2060
2117
0
2079
2088
0
2086
0
2072
2113
2059
0
2068
0
0
2150
2048
2065
2135
0
2108
3840
2144
2136
2120
2105
2102
6227
0
0
0
0
0
0
0
0
0
2104
2133
3850
2079
0
0
0
0
0
0
2100
2129
3846
2075
0
0
0
0
0
0
2096
2125
2058
2071
0
0
0
0
0
0
2092
2121
2150
2067
0
0
0
0
0
0
2088
2117
2054
2063
3843
2147
2139
0
0
0
2084
2113
2142
0
0
0
0
0
0
0
2080
2109
6146
0
0
0
2061
2099
0
2140
2057
3850
2091
0
2053
0
2136
2083
2049
3846
0
2079
2117
2084
0
2075
2113
3842
0
2071
2092
2109
0
2067
2150
2105
2135
2100
2131
2127
2123
6242
0
0
0
2053
2050
0
0
3848
2117
2074
2143
0
2113
0
2126
3844
2105
3843
0
2122
2097
0
0
2084
2081
2090
2147
0
2077
0
2070
2148
2065
2139
0
2110
2061
2133
2129
2100
2058
6191
0
0
0
0
0
0
0
2088
2069
2142
2095
0
0
0
0
2084
2121
0
0
2138
3847
0
0
2080
2049
0
0
0
0
2102
3843
2076
2113
0
0
2060
0
3850
0
2056
2109
2151
0
2116
0
2074
0
2104
2053
0
0
2064
2132
2124
2130
2147
6193
0
0
0
2049
2078
0
0
3848
2117
2130
2087
0
2109
0
2126
2136
2105
3847
0
2098
2089
0
0
3840
2073
2054
2151
0
2069
0
2114
2092
2065
2143
0
2082
2061
2133
2121
2144
2058
6199
0
0
0
0
0
0
0
0
2088
2069
2142
2095
0
0
0
0
0
2084
2121
0
0
2138
3847
0
0
0
2080
2049
0
0
0
0
2102
3843
0
2076
2113
0
0
0
0
3850
0
2124
2151
2109
0
2056
0
0
2074
2116
0
0
2053
2104
2147
0
0
2064
2130
0
0
2060
2132
6193
0
0
0
0
0
0
0
2068
2061
3850
2087
0
0
0
0
2120
2089
0
3847
2138
0
0
0
2116
2057
0
2151
0
0
3842
0
2064
2049
0
2143
0
2077
0
0
2108
2053
2094
2135
0
2113
0
0
2104
2097
0
2075
2146
2081
2129
2125
6196
0
0
0
2049
2134
0
0
2092
2113
2106
2143
0
2109
0
2126
3844
2097
0
2139
2066
2089
0
0
3840
2081
2118
2103
0
2077
0
2062
2148
2073
3851
0
2058
2069
2129
2121
2144
2054
6183
0
0
0
0
0
0
0
0
2060
2069
2086
3851
0
0
0
0
0
2088
2121
3846
0
0
2139
0
0
0
2056
2117
2150
0
0
0
0
3843
0
2048
2065
2142
0
0
0
0
0
2124
2095
2109
2134
2052
0
0
0
2112
0
0
2105
2096
2074
2147
0
2080
0
0
0
2076
2128
6197
0
0
0
0
0
0
0
2056
2093
3850
2143
0
0
0
0
2052
2061
0
3843
3846
0
0
0
2116
2081
0
2147
0
0
2086
0
2112
2077
0
2139
0
2069
0
0
2064
2049
2150
2135
0
2109
0
0
2104
2089
0
2131
2102
2073
2125
2121
6192
0
0
0
0
0
0
0
0
2104
2145
2098
3851
0
0
0
0
0
2092
2137
0
2074
3847
0
0
0
0
2080
2133
0
0
2090
2111
0
0
0
2076
2129
0
0
0
2122
2151
0
0
2064
2053
0
0
0
0
2086
2051
0
2060
2117
0
0
0
0
0
2070
2143
2056
2124
2113
0
0
0
0
3842
0
6199
0
0
0
0
0
0
0
0
2092
2057
2142
3851
0
0
0
0
0
2060
2053
3842
0
0
3847
0
0
0
2080
2117
2146
0
0
0
0
2087
0
2076
2113
2138
0
0
0
0
0
2124
2151
2065
2134
2048
0
0
0
2108
0
0
2105
2088
2130
2103
0
2072
0
0
0
2068
2120
6193
0
0
0
0
0
0
0
0
2148
0
2133
2090
2107
0
0
0
0
2144
0
0
0
2129
2050
2059
0
0
2140
0
0
0
0
0
2061
2082
2099
2136
0
0
0
0
0
0
0
2121
2124
2078
2055
0
0
0
0
0
0
2100
2117
3851
2074
0
0
0
0
0
2092
0
3847
2113
0
2070
0
0
0
2084
0
3843
0
0
2109
0
6162
0
0
0
0
0
0
0
0
0
0
0
0
0
0
0
0
0
0
0
0
0
0
0
0
0
0
0
0
0
0
0
0
0
0
0
0
0
0
0
0
0
0
0
0
0
0
0
0
0
0
0
0
0
0
0
0
0
0
0
0
0
0
0
0
0
0
0
0
0
0
0
0
0
0
0
0
0
0
0
0
0
0
0
0
0
0
0
0
0
0
0
0
0
0
0
0
0
0
0
0
0
0
0
0
0
0
0
0
0
0
0
0
0
0
0
0
0
0
0
0
0
0
0
0
0
0
0
0
0
0
0
0
0
0
0
0
0
0
0
0
0
0
0
0
0
0
0
0
0
0
0
0
0
0
0
0
0
0
0
0
0
0
0
0
0
0
0
0
0
0
0
0
0
0
0
0
0
0
0
0
0
0
0
0
0
0
0
0
0
0
0
0
0
0
0
0
0
0
0
0
0
0
0
0
0
0
0
0
0
0
0
0
0
0
0
0
0
0
0
0
0
0
0
0
0
0
0
0
0
0
0
0
0
0
0
0
0
0
0
0
0
0
0
0
0
0
0
0
0
0
0
0
0
0
0
0
0
0
0
0
0
0
0
0
0
0
0
0
0
0
0
0
0
0
0
0
0
0
0
0
0
0
0
0
0
0
0
0
0
0
0
0
0
0
0
0
0
0
0
0
0
0
0
0
0
0
0
0
0
0
0
0
0
0
0
0
0
0
0
0
0
0
0
0
0
0
0
0
0
0
0
0
0
0
0
0
0
0
0
0
0
0
0
0
0
0
0
0
0
0
0
0
0
0
0
0
0
0
0
0
0
0
0
0
0
0
0
0
0
0
0
0
0
0
0
0
0
0
0
0
0
0
0
0
0
0
0
0
0
0
0
0
0
0
0
0
0
0
0
0
0
0
0
0
0
0
0
0
0
0
0
0
0
0
0
0
0
0
0
0
0
0
0
0
0
0
0
0
0
0
0
0
0
0
0
0
0
0
0
0
0
0
0
0
0
0
0
0
0
0
0
0
0
0
0
0
0
0
0
0
0
0
0
0
0
0
0
0
0
0
0
0
0
0
0
0
0
0
0
0
0
0
0
0
0
0
0
0
0
0
0
0
0
0
0
0
0
0
0
0
0
0
0
0
0
0
0
0
0
0
0
0
0
0
0
0
0
0
0
0
0
0
0
0
0
0
0
0
0
0
0
0
0
0
0
0
0
0
0
0
0
0
0
0
0
0
0
0
0
0
0
0
0
0
0
0
0
0
0
0
0
0
0
0
0
0
0
0
0
0
0
0
0
0
0
0
0
0
0
0
0
0
0
0
0
0
0
0
0
0
0
0
0
0
0
0
0
0
0
0
0
0
0
0
0
0
0
0
0
0
0
0
0
0
0
0
0
0
0
0
0
0
0
0
0
0
0
0
0
0
0
0
0
0
0
0
0
0
0
0
0
0
0
0
0
0
0
0
0
0
0
0
0
0
0
0
0
0
0
0
0
0
0
0
0
0
0
0
0
0
0
0
0
0
0
0
0
0
0
0
0
0
0
0
0
0
0
0
0
0
0
0
0
0
0
0
0
0
0
0
0
0
0
0
0
0
0
0
0
0
0
0
0
0
0
0
0
0
0
0
0
0
0
0
0
0
0
0
0
0
0
0
0
0
0
0
0
0
0
0
0
0
0
0
0
0
0
0
0
0
0
0
0
0
0
0
0
0
0
0
0
0
0
0
0
0
0
0
0
0
0
0
0
0
0
0
0
0
0
0
0
0
0
0
0
0
0
0
0
0
0
0
0
0
0
0
0
0
0
0
0
0
0
0
0
0
0
0
0
0
0
0
0
0
0
0
0
0
0
0
0
0
0
0
0
0
0
0
0
0
0
0
0
0
0
0
0
0
0
0
0
0
0
0
0
0
0
0
0
0
0
0
0
0
0
0
0
0
0
0
0
0
0
0
0
0
0
0
0
0
0
0
0
0
0
0
0
0
0
0
0
0
0
0
0
0
0
0
0
0
0
0
0
0
0
0
0
0
0
0
0
0
0
0
0
0
0
0
0
0
0
0
0
0
0
0
0
0
0
0
0
0
0
0
0
0
0
0
0
0
0
0
0
0
0
0
0
0
0
0
0
0
0
0
0
0
0
0
0
0
0
0
0
0
0
0
0
0
0
0
0
0
0
0
0
0
0
0
0
0
0
0
0
0
0
0
0
0
0
0
0
0
0
0
0
0
0
0
0
0
0
0
0
0
0
0
0
0
0
0
0
0
0
0
0
0
0
0
0
0
0
0
0
0
0
0
0
0
0
0
0
0
0
0
0
0
0
0
0
0
0
0
0
0
0
0
0
0
0
0
0
0
0
0
0
0
0
0
0
0
0
0
0
0
0
0
0
0
0
0
0
0
0
0
0
0
0
0
0
0
0
0
0
0
0
0
0
0
0
0
0
0
0
0
0
0
0
0
0
0
0
0
0
0
0
0
0
0
0
0
0
0
0
0
0
0
0
0
0
0
0
0
0
0
0
0
0
0
0
0
0
0
0
0
0
0
0
0
0
0
0
0
0
0
0
0
0
0
0
0
0
0
0
0
0
0
0
0
0
0
0
0
0
0
0
0
0
0
0
0
0
0
0
0
0
0
0
0
0
0
0
0
0
0
0
0
0
0
0
0
0
0
0
0
0
0
0
0
0
0
0
0
0
0
0
0
0
0
0
0
0
0
0
0
0
0
0
0
0
0
0
0
0
0
0
0
0
0
0
0
0
0
0
0
0
0
0
0
0
0
0
0
0
0
0
0
0
0
0
0
0
0
0
0
0
0
0
0
0
0
0
0
0
0
0
0
0
0
0
0
0
0
0
0
0
0
0
0
0
0
0
0
0
0
0
0
0
0
0
0
0
0
0
0
0
0
0
0
0
0
0
0
0
0
0
0
0
0
0
0
0
0
0
0
0
0
0
0
0
0
0
0
0
0
0
0
0
0
0
0
0
0
0
0
0
0
0
0
0
0
0
0
0
0
0
0
0
0
0
0
0
0
0
0
0
0
0
0
0
0
0
0
0
0
0
0
0
0
0
0
0
0
0
0
0
0
0
0
0
0
0
0
0
0
0
0
0
0
0
0
0
0
0
0
0
0
0
0
0
0
0
0
0
0
0
0
0
0
0
0
0
0
0
0
0
0
0
0
0
0
0
0
0
0
0
0
0
0
0
0
0
0
0
0
0
0
0
0
0
0
0
0
0
0
0
0
0
0
0
0
0
0
0
0
0
0
0
0
0
0
0
0
0
0
0
0
0
0
0
0
0
0
0
0
0
0
0
0
0
0
0
0
0
0
0
0
0
0
0
0
0
0
0
0
0
0
0
0
0
0
0
0
0
0
0
0
0
0
0
0
0
0
0
0
0
0
0
0
0
0
0
0
0
0
0
0
0
0
0
0
0
0
0
0
0
0
0
0
0
0
0
0
0
0
0
0
0
0
0
0
0
0
0
0
0
0
0
0
0
0
0
0
0
0
0
0
0
0
0
0
0
0
0
0
0
0
0
0
0
0
0
0
0
0
0
0
0
0
0
0
0
0
0
0
0
0
0
0
0
0
0
0
0
0
0
0
0
0
0
0
0
0
0
0
0
0
0
0
0
0
0
0
0
0
0
0
0
0
0
0
0
0
0
0
0
0
0
0
0
0
0
0
0
0
0
0
0
0
0
0
0
0
0
0
0
0
0
0
0
0
0
0
0
0
0
0
0
0
0
0
0
0
0
0
0
0
0
0
0
0
0
0
0
0
0
0
0
0
0
0
0
0
0
0
0
0
0
0
0
0
0
0
0
0
0
0
0
0
0
0
0
0
0
0
0
0
0
0
0
0
0
0
0
0
0
0
0
0
